      5.9434    -0.93787      1.5708     0.63293 -4.4275e-08       13904       14420           1
      5.9434    -0.93787      1.5708     0.63293 -4.4275e-08       13904       14420           1
      5.9434    -0.93787      1.5708     0.63293 -4.4275e-08       13904       14420           1
      5.9434    -0.93787      1.5708     0.63293 -4.4275e-08       13904       14420           1
      5.9434    -0.93787      1.5708     0.63293 -4.4275e-08       13904       14420           1
      5.9434    -0.93787      1.5708     0.63293 -4.4275e-08       13904       14420           1
      5.9434    -0.93787      1.5708     0.63293 -4.4275e-08       13904       14420           1
      5.9434    -0.93787      1.5708     0.63293 -4.4275e-08       13904       14420           1
      5.9434    -0.93787      1.5708     0.63293 -4.4275e-08       13904       14420           1
      5.9434    -0.93787      1.5708     0.63293 -4.4275e-08       13904       14420           1
      5.9434    -0.93787      1.5708     0.63293 -4.4275e-08       13904       14420           1
      5.9434    -0.93787      1.5708     0.63293 -4.4275e-08       13904       14420           1
      5.9434    -0.93787      1.5708     0.63293 -4.4275e-08       13904       14420           1
      5.9434    -0.93787      1.5708     0.63293 -4.4275e-08       13904       14420           1
      5.9434    -0.93787      1.5708     0.63293 -4.4275e-08       13904       14420           1
      5.9434    -0.93787      1.5708     0.63293 -4.4275e-08       13904       14420           1
      5.9434    -0.93787      1.5708     0.63293 -4.4275e-08       13904       14420           1
      5.9434    -0.93787      1.5708     0.63293 -4.4275e-08       13904       14420           1
      5.9434    -0.93787      1.5708     0.63293 -4.4275e-08       13904       14420           1
      5.9434    -0.93787      1.5708     0.63293 -4.4275e-08       13904       14420           1
      5.9434    -0.93787      1.5708     0.63293 -4.4275e-08       13904       14420           1
      5.9434    -0.93787      1.5708     0.63293 -4.4275e-08       13904       14420           1
      5.9434    -0.93787      1.5708     0.63293 -4.4275e-08       13904       14420           1
      5.9434    -0.93787      1.5708     0.63293 -4.4275e-08       13904       14420           1
      5.9434    -0.93787      1.5708     0.63293 -4.4275e-08       13904       14420           1
      5.9434    -0.93787      1.5708     0.63293 -4.4275e-08       13904       14420           1
      5.9434    -0.93787      1.5708     0.63293 -4.4275e-08       13904       14420           1
      5.9434    -0.93787      1.5708     0.63293 -4.4275e-08       13904       14420           1
      5.9434    -0.93787      1.5708     0.63293 -4.4275e-08       13904       14420           1
      5.9434    -0.93787      1.5708     0.63293 -4.4275e-08       13904       14420           1
      5.9434    -0.93787      1.5708     0.63293 -4.4275e-08       13904       14420           1
      5.9434    -0.93787      1.5708     0.63293 -4.4275e-08       13904       14420           1
      5.9434    -0.93787      1.5708     0.63293 -4.4275e-08       13904       14420           1
      5.9434    -0.93787      1.5708     0.63293 -4.4275e-08       13904       14420           1
      5.9434    -0.93787      1.5708     0.63293 -4.4275e-08       13904       14420           1
      5.9434    -0.93787      1.5708     0.63293 -4.4275e-08       13904       14420           1
      5.9434    -0.93787      1.5708     0.63293 -4.4275e-08       13904       14420           1
      5.9434    -0.93787      1.5708     0.63293 -4.4275e-08       13904       14420           1
      5.9434    -0.93787      1.5708     0.63293 -4.4275e-08       13904       14420           1
      5.9434    -0.93787      1.5708     0.63293 -4.4275e-08       13904       14420           1
      5.9434    -0.93787      1.5708     0.63293 -4.4275e-08       13904       14420           1
      5.9434    -0.93787      1.5708     0.63293 -4.4275e-08       13904       14420           1
      5.9434    -0.93787      1.5708     0.63293 -4.4275e-08       13904       14420           1
      1.7954      1.9168      1.5708     -2.7956      1.2204       11321      8541.8           1
      1.7954      1.9168      1.5708     -2.7956      1.2204       11321      8541.8           1
      1.7954      1.9168      1.5708     -2.7956      1.2204       11321      8541.8           1
      1.7954      1.9168      1.5708     -2.7956      1.2204       11321      8541.8           1
      1.7954      1.9168      1.5708     -2.7956      1.2204       11321      8541.8           1
      1.7954      1.9168      1.5708     -2.7956      1.2204       11321      8541.8           1
      1.7954      1.9168      1.5708     -2.7956      1.2204       11321      8541.8           1
      1.7954      1.9168      1.5708     -2.7956      1.2204       11321      8541.8           1
      1.7954      1.9168      1.5708     -2.7956      1.2204       11321      8541.8           1
      1.7954      1.9168      1.5708     -2.7956      1.2204       11321      8541.8           1
      1.7954      1.9168      1.5708     -2.7956      1.2204       11321      8541.8           1
      1.7954      1.9168      1.5708     -2.7956      1.2204       11321      8541.8           1
      1.7954      1.9168      1.5708     -2.7956      1.2204       11321      8541.8           1
      1.7954      1.9168      1.5708     -2.7956      1.2204       11321      8541.8           1
      1.7954      1.9168      1.5708     -2.7956      1.2204       11321      8541.8           1
      1.7954      1.9168      1.5708     -2.7956      1.2204       11321      8541.8           1
      1.7954      1.9168      1.5708     -2.7956      1.2204       11321      8541.8           1
      1.7954      1.9168      1.5708     -2.7956      1.2204       11321      8541.8           1
      1.7954      1.9168      1.5708     -2.7956      1.2204       11321      8541.8           1
      1.7954      1.9168      1.5708     -2.7956      1.2204       11321      8541.8           1
      1.7954      1.9168      1.5708     -2.7956      1.2204       11321      8541.8           1
      1.7954      1.9168      1.5708     -2.7956      1.2204       11321      8541.8           1
      1.7954      1.9168      1.5708     -2.7956      1.2204       11321      8541.8           1
      1.7954      1.9168      1.5708     -2.7956      1.2204       11321      8541.8           1
      1.7954      1.9168      1.5708     -2.7956      1.2204       11321      8541.8           1
      1.7954      1.9168      1.5708     -2.7956      1.2204       11321      8541.8           1
      1.7954      1.9168      1.5708     -2.7956      1.2204       11321      8541.8           1
      1.7954      1.9168      1.5708     -2.7956      1.2204       11321      8541.8           1
      1.7954      1.9168      1.5708     -2.7956      1.2204       11321      8541.8           1
      1.7954      1.9168      1.5708     -2.7956      1.2204       11321      8541.8           1
      1.7954      1.9168      1.5708     -2.7956      1.2204       11321      8541.8           1
      1.7954      1.9168      1.5708     -2.7956      1.2204       11321      8541.8           1
      1.7954      1.9168      1.5708     -2.7956      1.2204       11321      8541.8           1
      1.7954      1.9168      1.5708     -2.7956      1.2204       11321      8541.8           1
      1.7954      1.9168      1.5708     -2.7956      1.2204       11321      8541.8           1
      3.7376     0.96093      1.5708      2.5317 -1.5775e-07       10879       12945           1
      3.7376     0.96093      1.5708      2.5317 -1.5775e-07       10879       12945           1
      3.7376     0.96093      1.5708      2.5317 -1.5775e-07       10879       12945           1
      3.7376     0.96093      1.5708      2.5317 -1.5775e-07       10879       12945           1
      3.7376     0.96093      1.5708      2.5317 -1.5775e-07       10879       12945           1
      3.7376     0.96093      1.5708      2.5317 -1.5775e-07       10879       12945           1
      3.7376     0.96093      1.5708      2.5317 -1.5775e-07       10879       12945           1
      3.7376     0.96093      1.5708      2.5317 -1.5775e-07       10879       12945           1
      3.7376     0.96093      1.5708      2.5317 -1.5775e-07       10879       12945           1
      3.7376     0.96093      1.5708      2.5317 -1.5775e-07       10879       12945           1
      3.7376     0.96093      1.5708      2.5317 -1.5775e-07       10879       12945           1
      3.7376     0.96093      1.5708      2.5317 -1.5775e-07       10879       12945           1
      3.7376     0.96093      1.5708      2.5317 -1.5775e-07       10879       12945           1
      3.7376     0.96093      1.5708      2.5317 -1.5775e-07       10879       12945           1
      3.7376     0.96093      1.5708      2.5317 -1.5775e-07       10879       12945           1
      3.7376     0.96093      1.5708      2.5317 -1.5775e-07       10879       12945           1
      3.7376     0.96093      1.5708      2.5317 -1.5775e-07       10879       12945           1
      3.7376     0.96093      1.5708      2.5317 -1.5775e-07       10879       12945           1
      3.7376     0.96093      1.5708      2.5317 -1.5775e-07       10879       12945           1
      3.7376     0.96093      1.5708      2.5317 -1.5775e-07       10879       12945           1
      3.7376     0.96093      1.5708      2.5317 -1.5775e-07       10879       12945           1
      3.7376     0.96093      1.5708      2.5317 -1.5775e-07       10879       12945           1
      3.7376     0.96093      1.5708      2.5317 -1.5775e-07       10879       12945           1
      3.7376     0.96093      1.5708      2.5317 -1.5775e-07       10879       12945           1
      3.7376     0.96093      1.5708      2.5317 -1.5775e-07       10879       12945           1
      3.7376     0.96093      1.5708      2.5317 -1.5775e-07       10879       12945           1
      3.7376     0.96093      1.5708      2.5317 -1.5775e-07       10879       12945           1
      3.7376     0.96093      1.5708      2.5317 -1.5775e-07       10879       12945           1
      3.7376     0.96093      1.5708      2.5317 -1.5775e-07       10879       12945           1
      3.7376     0.96093      1.5708      2.5317 -1.5775e-07       10879       12945           1
      3.7376     0.96093      1.5708      2.5317 -1.5775e-07       10879       12945           1
      3.7376     0.96093      1.5708      2.5317 -1.5775e-07       10879       12945           1
      3.7376     0.96093      1.5708      2.5317 -1.5775e-07       10879       12945           1
      3.7376     0.96093      1.5708      2.5317 -1.5775e-07       10879       12945           1
      3.7376     0.96093      1.5708      2.5317 -1.5775e-07       10879       12945           1
      3.7376     0.96093      1.5708      2.5317 -1.5775e-07       10879       12945           1
      3.7376     0.96093      1.5708      2.5317 -1.5775e-07       10879       12945           1
      3.7376     0.96093      1.5708      2.5317 -1.5775e-07       10879       12945           1
      3.7376     0.96093      1.5708      2.5317 -1.5775e-07       10879       12945           1
      1.7954      1.9168      1.5708     -2.7956     0.69925       11215      8648.1           1
      1.7954      1.9168      1.5708     -2.7956     0.69925       11215      8648.1           1
      1.7954      1.9168      1.5708     -2.7956     0.69925       11215      8648.1           1
      1.7954      1.9168      1.5708     -2.7956     0.69925       11215      8648.1           1
      1.7954      1.9168      1.5708     -2.7956     0.69925       11215      8648.1           1
      1.7954      1.9168      1.5708     -2.7956     0.69925       11215      8648.1           1
      1.7954      1.9168      1.5708     -2.7956     0.69925       11215      8648.1           1
      1.7954      1.9168      1.5708     -2.7956     0.69925       11215      8648.1           1
      1.7954      1.9168      1.5708     -2.7956     0.69925       11215      8648.1           1
      1.7954      1.9168      1.5708     -2.7956     0.69925       11215      8648.1           1
      1.7954      1.9168      1.5708     -2.7956     0.69925       11215      8648.1           1
      1.7954      1.9168      1.5708     -2.7956     0.69925       11215      8648.1           1
      1.7954      1.9168      1.5708     -2.7956     0.69925       11215      8648.1           1
      1.7954      1.9168      1.5708     -2.7956     0.69925       11215      8648.1           1
      1.7954      1.9168      1.5708     -2.7956     0.69925       11215      8648.1           1
      1.7954      1.9168      1.5708     -2.7956     0.69925       11215      8648.1           1
      1.7954      1.9168      1.5708     -2.7956     0.69925       11215      8648.1           1
      1.7954      1.9168      1.5708     -2.7956     0.69925       11215      8648.1           1
      1.7954      1.9168      1.5708     -2.7956     0.69925       11215      8648.1           1
      1.7954      1.9168      1.5708     -2.7956     0.69925       11215      8648.1           1
      1.7954      1.9168      1.5708     -2.7956     0.69925       11215      8648.1           1
      1.7954      1.9168      1.5708     -2.7956     0.69925       11215      8648.1           1
      1.7954      1.9168      1.5708     -2.7956     0.69925       11215      8648.1           1
      1.7954      1.9168      1.5708     -2.7956     0.69925       11215      8648.1           1
      1.7954      1.9168      1.5708     -2.7956     0.69925       11215      8648.1           1
      1.7954      1.9168      1.5708     -2.7956     0.69925       11215      8648.1           1
      1.7954      1.9168      1.5708     -2.7956     0.69925       11215      8648.1           1
      1.7954      1.9168      1.5708     -2.7956     0.69925       11215      8648.1           1
      1.7954      1.9168      1.5708     -2.7956     0.69925       11215      8648.1           1
      1.7954      1.9168      1.5708     -2.7956     0.69925       11215      8648.1           1
      1.7954      1.9168      1.5708     -2.7956     0.69925       11215      8648.1           1
      1.7954      1.9168      1.5708     -2.7956     0.69925       11215      8648.1           1
      1.7954      1.9168      1.5708     -2.7956     0.69925       11215      8648.1           1
      1.7954      1.9168      1.5708     -2.7956     0.69925       11215      8648.1           1
      1.7954      1.9168      1.5708     -2.7956     0.69925       11215      8648.1           1
      1.7954      1.9168      1.5708     -2.7956     0.69925       11215      8648.1           1
      1.7954      1.9168      1.5708     -2.7956     0.69925       11215      8648.1           1
      1.7954      1.9168      1.5708     -2.7956     0.69925       11215      8648.1           1
      1.7954      1.9168      1.5708     -2.7956     0.69925       11215      8648.1           1
      1.7954      1.9168      1.5708     -2.7956     0.69925       11215      8648.1           1
      1.7954      1.9168      1.5708     -2.7956     0.69925       11215      8648.1           1
      1.7954      1.9168      1.5708     -2.7956     0.69925       11215      8648.1           1
      1.7954      1.9168      1.5708     -2.7956     0.69925       11215      8648.1           1
      1.7954      1.9168      1.5708     -2.7956     0.69925       11215      8648.1           1
      1.7954      1.9168      1.5708     -2.7956     0.69925       11215      8648.1           1
      1.7954      1.9168      1.5708     -2.7956     0.69925       11215      8648.1           1
      1.7954      1.9168      1.5708     -2.7956     0.69925       11215      8648.1           1
      1.7954      1.9168      1.5708     -2.7956     0.69925       11215      8648.1           1
      1.7954      1.9168      1.5708     -2.7956     0.69925       11215      8648.1           1
      1.7954      1.9168      1.5708     -2.7956     0.69925       11215      8648.1           1
      1.7954      1.9168      1.5708     -2.7956     0.69925       11215      8648.1           1
      1.7954      1.9168      1.5708     -2.7956     0.69925       11215      8648.1           1
      1.7954      1.9168      1.5708     -2.7956     0.69925       11215      8648.1           1
      1.7954      1.9168      1.5708     -2.7956     0.69925       11215      8648.1           1
      1.7954      1.9168      1.5708     -2.7956     0.69925       11215      8648.1           1
      1.7954      1.9168      1.5708     -2.7956     0.69925       11215      8648.1           1
      1.7954      1.9168      1.5708     -2.7956     0.69925       11215      8648.1           1
      1.7954      1.9168      1.5708     -2.7956     0.69925       11215      8648.1           1
      1.7954      1.9168      1.5708     -2.7956     0.69925       11215      8648.1           1
      1.7954      1.9168      1.5708     -2.7956     0.69925       11215      8648.1           1
