1.43819  -0.588876  1.87525  
1.31704  -0.584805  1.90448  
1.20036  -0.577093  1.93341  
1.08787  -0.565901  1.9616  
0.979327  -0.551429  1.98868  
0.874504  -0.533912  2.01431  
0.773191  -0.513611  2.03819  
0.675195  -0.490804  2.06009  
0.580341  -0.465784  2.0798  
0.488468  -0.438849  2.09716  
0.399427  -0.410298  2.11205  
0.313083  -0.380427  2.12439  
0.229312  -0.349523  2.13413  
0.148001  -0.317863  2.14127  
0.0690437  -0.285712  2.14582  
-0.00765506  -0.253318  2.14782  
-0.0821841  -0.220911  2.14732  
-0.154625  -0.188705  2.14442  
-0.225053  -0.156893  2.13921  
-0.293537  -0.12565  2.1318  
-0.360143  -0.095132  2.12232  
-0.424928  -0.0654745  2.11088  
-0.48795  -0.036796  2.09762  
-0.549259  -0.00919704  2.08269  
-0.608903  0.0172389  2.06621  
-0.666927  0.042444  2.04833  
-0.723372  0.0663654  2.02918  
-0.778278  0.0889638  2.00889  
-0.831681  0.110213  1.9876  
-0.883617  0.130097  1.96543  
-0.934117  0.148612  1.9425  
-0.983213  0.165762  1.91893  
-1.03093  0.18156  1.89482  
-1.07731  0.196026  1.87027  
-1.12236  0.209185  1.84539  
-1.16612  0.221069  1.82025  
-1.2086  0.231714  1.79493  
-1.24984  0.24116  1.76953  
-1.28985  0.249448  1.74409  
-1.32866  0.256623  1.71869  
-1.36629  0.262733  1.69337  
-1.40275  0.267825  1.6682  
-1.43807  0.271946  1.64321  
-1.47227  0.275146  1.61845  
-1.50536  0.277474  1.59395  
-1.53737  0.278977  1.56974  
-1.5683  0.279703  1.54584  
-1.59819  0.279699  1.52228  
-1.62705  0.27901  1.49908  
-1.65488  0.277681  1.47625  
-1.68172  0.275755  1.4538  
-1.70758  0.273273  1.43174  
-1.73247  0.270275  1.41009  
-1.75642  0.266799  1.38883  
-1.77943  0.262883  1.36799  
-1.80152  0.258561  1.34754  
-1.82271  0.253866  1.3275  
-1.84302  0.248832  1.30787  
-1.86246  0.243487  1.28862  
-1.88105  0.23786  1.26978  
-1.89879  0.231979  1.25132  
-1.91572  0.225869  1.23323  
-1.93184  0.219554  1.21552  
-1.94717  0.213057  1.19818  
-1.96172  0.2064  1.18118  
-1.97551  0.199601  1.16454  
-1.98855  0.192681  1.14823  
-2.00086  0.185656  1.13225  
-2.01246  0.178544  1.11659  
-2.02335  0.17136  1.10123  
-2.03356  0.164118  1.08618  
-2.0431  0.156832  1.07141  
-2.05197  0.149514  1.05692  
-2.0602  0.142177  1.04271  
-2.06781  0.13483  1.02875  
-2.07479  0.127485  1.01504  
-2.08118  0.120151  1.00158  
-2.08697  0.112837  0.988353  
-2.09219  0.105551  0.97535  
-2.09685  0.0982997  0.962563  
-2.10096  0.0910915  0.949986  
-2.10454  0.0839325  0.937609  
-2.10759  0.0768288  0.925426  
-2.11014  0.0697861  0.91343  
-2.11219  0.0628096  0.901612  
-2.11375  0.055904  0.889968  
-2.11485  0.0490739  0.878489  
-2.11548  0.0423233  0.867171  
-2.11567  0.0356561  0.856007  
-2.11542  0.0290757  0.844991  
-2.11474  0.0225854  0.834118  
-2.11366  0.016188  0.823383  
-2.11217  0.00988635  0.812782  
-2.11029  0.00368281  0.802309  
-2.10803  -0.00242036  0.79196  
-2.10541  -0.00842111  0.781731  
-2.10243  -0.0143176  0.771618  
-2.09909  -0.0201082  0.761617  
-2.09543  -0.0257913  0.751726  
-2.09143  -0.0313658  0.74194  
-2.08712  -0.0368303  0.732256  
-2.0825  -0.0421838  0.722673  
-2.07758  -0.0474255  0.713186  
-2.07237  -0.0525546  0.703794  
-2.06688  -0.0575704  0.694493  
-2.06112  -0.0624724  0.685283  
-2.0551  -0.0672602  0.676161  
-2.04883  -0.0719335  0.667125  
-2.04231  -0.0764921  0.658173  
-2.03556  -0.0809358  0.649304  
-2.02857  -0.0852646  0.640516  
-2.02137  -0.0894786  0.631809  
-2.01395  -0.0935779  0.62318  
-2.00633  -0.0975629  0.614629  
-1.99851  -0.101434  0.606154  
-1.9905  -0.105191  0.597755  
-1.98231  -0.108834  0.589431  
-1.97394  -0.112365  0.581182  
-1.9654  -0.115784  0.573006  
-1.9567  -0.119091  0.564903  
-1.94785  -0.122288  0.556873  
-1.93884  -0.125374  0.548915  
-1.9297  -0.128351  0.541029  
-1.92041  -0.13122  0.533215  
-1.911  -0.133981  0.525471  
-1.90146  -0.136636  0.517799  
-1.8918  -0.139186  0.510198  
-1.88202  -0.141631  0.502668  
-1.87214  -0.143973  0.495208  
-1.86216  -0.146213  0.487819  
-1.85208  -0.148352  0.480501  
-1.84191  -0.150391  0.473253  
-1.83165  -0.152332  0.466077  
-1.82131  -0.154176  0.458971  
-1.81089  -0.155924  0.451935  
-1.8004  -0.157578  0.444971  
-1.78985  -0.159139  0.438078  
-1.77922  -0.160608  0.431256  
-1.76854  -0.161988  0.424505  
-1.75781  -0.163278  0.417826  
-1.74702  -0.164482  0.411217  
-1.73619  -0.1656  0.404681  
-1.72532  -0.166634  0.398216  
-1.71441  -0.167586  0.391822  
-1.70346  -0.168456  0.385501  
-1.69248  -0.169247  0.379251  
-1.68148  -0.169961  0.373073  
-1.67045  -0.170598  0.366967  
-1.6594  -0.171161  0.360934  
-1.64834  -0.171651  0.354972  
-1.63726  -0.172069  0.349082  
-1.62617  -0.172418  0.343264  
-1.61507  -0.172699  0.337518  
-1.60397  -0.172913  0.331844  
-1.59287  -0.173063  0.326242  
-1.58177  -0.173149  0.320712  
-1.57068  -0.173174  0.315253  
-1.55959  -0.173139  0.309867  
-1.54851  -0.173046  0.304551  
-1.53745  -0.172896  0.299307  
-1.5264  -0.172691  0.294134  
-1.51537  -0.172432  0.289031  
-1.50436  -0.172121  0.284  
-1.49337  -0.171761  0.279039  
-1.48241  -0.171351  0.274148  
-1.47148  -0.170894  0.269327  
-1.46057  -0.170391  0.264575  
-1.4497  -0.169845  0.259893  
-1.43886  -0.169255  0.255279  
-1.42806  -0.168624  0.250734  
-1.41729  -0.167954  0.246258  
-1.40656  -0.167245  0.241849  
-1.39588  -0.1665  0.237507  
-1.38524  -0.165719  0.233232  
-1.37464  -0.164904  0.229024  
-1.36409  -0.164056  0.224881  
-1.35359  -0.163177  0.220804  
-1.34314  -0.162268  0.216792  
-1.33274  -0.161331  0.212845  
-1.3224  -0.160366  0.208961  
-1.31211  -0.159374  0.205141  
-1.30187  -0.158358  0.201383  
-1.29169  -0.157318  0.197688  
-1.28158  -0.156256  0.194054  
-1.27152  -0.155172  0.190482  
-1.26152  -0.154069  0.186969  
-1.25158  -0.152946  0.183517  
-1.24171  -0.151805  0.180123  
-1.23191  -0.150647  0.176789  
-1.22217  -0.149473  0.173511  
-1.21249  -0.148285  0.170292  
-1.20289  -0.147082  0.167128  
-1.19335  -0.145867  0.164021  
-1.18388  -0.14464  0.160969  
-1.17448  -0.143402  0.157971  
-1.16516  -0.142153  0.155027  
-1.1559  -0.140896  0.152136  
-1.14672  -0.13963  0.149297  
-1.13762  -0.138356  0.146511  
-1.12858  -0.137076  0.143775  
-1.11963  -0.135789  0.141089  
-1.11075  -0.134498  0.138453  
-1.10194  -0.133202  0.135866  
-1.09321  -0.131902  0.133328  
-1.08456  -0.130599  0.130836  
-1.07599  -0.129294  0.128392  
-1.0675  -0.127987  0.125993  
-1.05908  -0.126679  0.12364  
-1.05074  -0.12537  0.121332  
-1.04249  -0.124061  0.119067  
-1.03431  -0.122753  0.116846  
-1.02621  -0.121446  0.114667  
-1.0182  -0.12014  0.11253  
-1.01027  -0.118837  0.110435  
-1.00241  -0.117536  0.108379  
-0.99464  -0.116238  0.106364  
-0.98695  -0.114944  0.104388  
-0.979342  -0.113654  0.10245  
-0.971816  -0.112368  0.10055  
-0.964372  -0.111087  0.0986873  
-0.95701  -0.10981  0.096861  
-0.94973  -0.10854  0.0950705  
-0.942533  -0.107275  0.0933152  
-0.935418  -0.106016  0.0915945  
-0.928386  -0.104764  0.0899077  
-0.921436  -0.103519  0.0882542  
-0.914568  -0.10228  0.0866335  
-0.907782  -0.101049  0.0850448  
-0.901079  -0.0998251  0.0834876  
-0.894458  -0.0986092  0.0819613  
-0.887919  -0.0974012  0.0804653  
-0.881461  -0.0962015  0.078999  
-0.875086  -0.0950101  0.0775619  
-0.868792  -0.0938274  0.0761534  
-0.862579  -0.0926534  0.0747729  
-0.856448  -0.0914883  0.07342  
-0.850397  -0.0903323  0.0720939  
-0.844428  -0.0891856  0.0707943  
-0.838538  -0.0880482  0.0695206  
-0.832729  -0.0869202  0.0682722  
-0.827  -0.0858019  0.0670488  
-0.821351  -0.0846933  0.0658497  
-0.815781  -0.0835945  0.0646744  
-0.81029  -0.0825055  0.0635226  
-0.804877  -0.0814266  0.0623937  
-0.799543  -0.0803576  0.0612872  
-0.794287  -0.0792988  0.0602027  
-0.789108  -0.07825  0.0591398  
-0.784007  -0.0772115  0.0580979  
-0.778982  -0.0761833  0.0570767  
-0.774033  -0.0751652  0.0560757  
-0.769161  -0.0741575  0.0550945  
-0.764364  -0.0731601  0.0541327  
-0.759642  -0.0721731  0.0531899  
-0.754995  -0.0711964  0.0522657  
-0.750421  -0.07023  0.0513597  
-0.745922  -0.069274  0.0504714  
-0.741495  -0.0683283  0.0496007  
-0.737141  -0.067393  0.0487469  
-0.73286  -0.0664679  0.0479099  
-0.72865  -0.0655532  0.0470892  
-0.724511  -0.0646487  0.0462846  
-0.720442  -0.0637545  0.0454956  
-0.716444  -0.0628705  0.0447219  
-0.712515  -0.0619967  0.0439632  
-0.708655  -0.061133  0.0432192  
-0.704864  -0.0602794  0.0424896  
-0.70114  -0.0594359  0.041774  
-0.697484  -0.0586023  0.0410722  
-0.693894  -0.0577787  0.0403838  
-0.690371  -0.056965  0.0397086  
-0.686913  -0.0561612  0.0390463  
-0.68352  -0.0553671  0.0383966  
-0.680191  -0.0545828  0.0377593  
-0.676926  -0.0538081  0.0371341  
-0.673724  -0.0530431  0.0365206  
-0.670585  -0.0522875  0.0359188  
-0.667508  -0.0515415  0.0353282  
-0.664492  -0.0508048  0.0347487  
-0.661537  -0.0500774  0.0341801  
-0.658641  -0.0493593  0.0336221  
-0.655806  -0.0486504  0.0330745  
-0.653029  -0.0479506  0.032537  
-0.650311  -0.0472598  0.0320095  
-0.64765  -0.0465779  0.0314917  
-0.645046  -0.0459049  0.0309834  
-0.642498  -0.0452407  0.0304844  
-0.640006  -0.0445853  0.0299946  
-0.637569  -0.0439384  0.0295137  
-0.635187  -0.0433001  0.0290416  
-0.632859  -0.0426703  0.028578  
-0.630583  -0.0420488  0.0281228  
-0.628361  -0.0414357  0.0276758  
-0.62619  -0.0408308  0.0272368  
-0.62407  -0.040234  0.0268056  
-0.622002  -0.0396453  0.0263822  
-0.619983  -0.0390646  0.0259663  
-0.618013  -0.0384917  0.0255578  
-0.616093  -0.0379266  0.0251565  
-0.61422  -0.0373693  0.0247623  
-0.612395  -0.0368196  0.024375  
-0.610617  -0.0362775  0.0239945  
-0.608886  -0.0357428  0.0236206  
-0.607199  -0.0352155  0.0232532  
-0.605558  -0.0346955  0.0228922  
-0.603962  -0.0341828  0.0225375  
-0.602409  -0.0336772  0.0221889  
-0.600899  -0.0331786  0.0218462  
-0.599432  -0.032687  0.0215095  
-0.598006  -0.0322023  0.0211785  
-0.596622  -0.0317244  0.0208531  
-0.595279  -0.0312533  0.0205333  
-0.593976  -0.0307888  0.0202188  
-0.592712  -0.0303308  0.0199097  
-0.591488  -0.0298794  0.0196058  
-0.590301  -0.0294344  0.0193069  
-0.589153  -0.0289957  0.0190131  
-0.588041  -0.0285632  0.0187241  
-0.586966  -0.0281369  0.01844  
-0.585928  -0.0277167  0.0181606  
-0.584924  -0.0273026  0.0178858  
-0.583955  -0.0268943  0.0176155  
-0.583021  -0.026492  0.0173496  
-0.58212  -0.0260954  0.0170881  
-0.581253  -0.0257046  0.0168309  
-0.580418  -0.0253194  0.0165778  
-0.579615  -0.0249398  0.0163289  
-0.578844  -0.0245657  0.016084  
-0.578103  -0.024197  0.0158431  
-0.577393  -0.0238337  0.015606  
-0.576713  -0.0234756  0.0153727  
-0.576062  -0.0231228  0.0151432  
-0.57544  -0.0227751  0.0149173  
-0.574846  -0.0224325  0.0146951  
-0.574279  -0.0220949  0.0144763  
-0.57374  -0.0217623  0.0142611  
-0.573228  -0.0214345  0.0140492  
-0.572742  -0.0211116  0.0138407  
-0.572282  -0.0207933  0.0136354  
-0.571847  -0.0204798  0.0134334  
-0.571437  -0.0201709  0.0132345  
-0.57105  -0.0198666  0.0130388  
-0.59886  -0.00375614  0.00267268  
-0.6256  0.0118274  -0.00796922  
-0.651287  0.0268958  -0.0188522  
-0.675941  0.0414621  -0.0299439  
-0.69958  0.0555403  -0.0412143  
-0.72222  0.0691453  -0.0526353  
-0.743882  0.0822924  -0.064181  
-0.764581  0.0949974  -0.0758277  
-0.784336  0.107277  -0.0875531  
-0.803165  0.119146  -0.0993371  
-0.821084  0.130623  -0.111161  
-0.838112  0.141723  -0.123008  
-0.854266  0.152462  -0.134862  
-0.869562  0.162857  -0.146709  
-0.884019  0.172924  -0.158536  
-0.897652  0.182678  -0.170332  
-0.91048  0.192135  -0.182085  
-0.922518  0.201309  -0.193787  
-0.933783  0.210215  -0.205427  
-0.944293  0.218867  -0.217  
-0.954063  0.227279  -0.228496  
-0.963109  0.235463  -0.239911  
-0.971449  0.243434  -0.251238  
-0.979097  0.251202  -0.262473  
-0.98607  0.258781  -0.27361  
-0.992384  0.26618  -0.284646  
-0.998054  0.273412  -0.295578  
-1.00309  0.280486  -0.306401  
-1.00752  0.287412  -0.317114  
-1.01135  0.294201  -0.327714  
-1.0146  0.300861  -0.338199  
-1.01728  0.3074  -0.348566  
-1.0194  0.313827  -0.358815  
-1.02098  0.320151  -0.368943  
-1.02204  0.326377  -0.378951  
-1.02258  0.332514  -0.388836  
-1.02263  0.338568  -0.398597  
-1.02219  0.344545  -0.408235  
-1.02128  0.350451  -0.417748  
-1.01991  0.356292  -0.427136  
-1.0181  0.362073  -0.436399  
-1.01585  0.367799  -0.445535  
-1.01318  0.373475  -0.454546  
-1.0101  0.379105  -0.46343  
-1.00663  0.384694  -0.472188  
-1.00277  0.390244  -0.48082  
-0.998541  0.39576  -0.489325  
-0.993948  0.401244  -0.497704  
-0.989004  0.406701  -0.505956  
-0.98372  0.412132  -0.514082  
-0.978107  0.417541  -0.522082  
-0.972175  0.422929  -0.529956  
-0.965935  0.428299  -0.537704  
-0.959397  0.433652  -0.545327  
-0.95257  0.438992  -0.552824  
-0.945464  0.444319  -0.560195  
-0.938089  0.449634  -0.567442  
-0.930454  0.454939  -0.574565  
-0.922569  0.460235  -0.581563  
-0.914441  0.465524  -0.588437  
-0.906079  0.470805  -0.595187  
-0.897493  0.47608  -0.601814  
-0.88869  0.481348  -0.608319  
-0.879679  0.486612  -0.614701  
-0.870467  0.49187  -0.620961  
-0.861063  0.497123  -0.627099  
-0.851473  0.502372  -0.633116  
-0.841706  0.507616  -0.639013  
-0.831769  0.512855  -0.64479  
-0.821668  0.518089  -0.650447  
-0.811411  0.523318  -0.655985  
-0.801004  0.528541  -0.661405  
-0.790455  0.533758  -0.666708  
-0.779769  0.538969  -0.671893  
-0.768953  0.544173  -0.676962  
-0.758013  0.549369  -0.681915  
-0.746955  0.554558  -0.686754  
-0.735785  0.559738  -0.691479  
-0.72451  0.564908  -0.69609  
-0.713133  0.570068  -0.700589  
-0.701662  0.575217  -0.704976  
-0.690101  0.580354  -0.709252  
-0.678455  0.585478  -0.713419  
-0.666731  0.590589  -0.717477  
-0.654932  0.595685  -0.721426  
-0.643063  0.600766  -0.725269  
-0.63113  0.605831  -0.729007  
-0.619137  0.610878  -0.732639  
-0.607089  0.615907  -0.736167  
-0.59499  0.620917  -0.739593  
-0.582844  0.625907  -0.742918  
-0.570655  0.630876  -0.746142  
-0.558429  0.635823  -0.749267  
-0.546168  0.640747  -0.752294  
-0.533877  0.645647  -0.755224  
-0.52156  0.650522  -0.758059  
-0.50922  0.655371  -0.7608  
-0.49686  0.660194  -0.763447  
-0.484486  0.664989  -0.766003  
-0.472099  0.669755  -0.768469  
-0.459704  0.674492  -0.770845  
-0.447304  0.679199  -0.773135  
-0.434902  0.683874  -0.775337  
-0.4225  0.688518  -0.777455  
-0.410104  0.693129  -0.77949  
-0.397714  0.697706  -0.781443  
-0.385334  0.702249  -0.783314  
-0.372968  0.706757  -0.785107  
-0.360617  0.71123  -0.786822  
-0.348285  0.715666  -0.788461  
-0.335974  0.720065  -0.790024  
-0.323687  0.724427  -0.791515  
-0.311426  0.72875  -0.792933  
-0.299194  0.733035  -0.794281  
-0.286992  0.73728  -0.79556  
-0.274825  0.741485  -0.796771  
-0.262693  0.74565  -0.797916  
-0.250598  0.749775  -0.798996  
-0.238544  0.753858  -0.800013  
-0.226532  0.757899  -0.800969  
-0.214564  0.761899  -0.801864  
-0.202642  0.765857  -0.8027  
-0.190768  0.769771  -0.803479  
-0.178944  0.773643  -0.804201  
-0.167172  0.777472  -0.804869  
-0.155453  0.781258  -0.805484  
-0.143789  0.785  -0.806047  
-0.132182  0.788698  -0.80656  
-0.120634  0.792353  -0.807023  
-0.109145  0.795963  -0.807439  
-0.0977181  0.79953  -0.807808  
-0.0863539  0.803052  -0.808133  
-0.0750541  0.806531  -0.808413  
-0.06382  0.809965  -0.808651  
-0.052653  0.813355  -0.808849  
-0.0415543  0.816701  -0.809006  
-0.0305252  0.820003  -0.809124  
-0.0195669  0.823261  -0.809206  
-0.00868048  0.826475  -0.809251  
0.00213285  0.829645  -0.809261  
0.0128721  0.832772  -0.809237  
0.0235361  0.835855  -0.809181  
0.034124  0.838895  -0.809093  
0.0446348  0.841891  -0.808975  
0.0550675  0.844845  -0.808827  
0.0654214  0.847756  -0.808652  
0.0756954  0.850625  -0.808449  
0.0858889  0.853452  -0.80822  
0.0960011  0.856237  -0.807966  
0.106031  0.85898  -0.807688  
0.115979  0.861682  -0.807387  
0.125842  0.864343  -0.807064  
0.135622  0.866963  -0.80672  
0.145317  0.869543  -0.806355  
0.154927  0.872082  -0.805971  
0.164451  0.874583  -0.805569  
0.173889  0.877044  -0.805149  
0.18324  0.879466  -0.804712  
0.192504  0.88185  -0.804259  
0.20168  0.884195  -0.803791  
0.210768  0.886503  -0.803309  
0.219768  0.888773  -0.802813  
0.228679  0.891007  -0.802304  
0.237501  0.893204  -0.801783  
0.246234  0.895365  -0.80125  
0.254878  0.897491  -0.800707  
0.263431  0.899581  -0.800153  
0.271895  0.901636  -0.79959  
0.280269  0.903657  -0.799018  
0.288552  0.905645  -0.798437  
0.296745  0.907598  -0.797849  
0.304848  0.909519  -0.797254  
0.31286  0.911407  -0.796652  
0.320782  0.913263  -0.796044  
0.328613  0.915088  -0.795431  
0.336354  0.916881  -0.794812  
0.344004  0.918643  -0.794189  
0.351564  0.920375  -0.793562  
0.359033  0.922077  -0.792931  
0.366413  0.923749  -0.792297  
0.373701  0.925393  -0.79166  
0.3809  0.927008  -0.791021  
0.388009  0.928595  -0.79038  
0.395028  0.930154  -0.789737  
0.401958  0.931685  -0.789093  
0.408799  0.93319  -0.788448  
0.41555  0.934669  -0.787802  
0.422212  0.936121  -0.787156  
0.428786  0.937548  -0.78651  
0.435272  0.93895  -0.785865  
0.441669  0.940327  -0.78522  
0.447979  0.94168  -0.784576  
0.454202  0.943008  -0.783933  
0.460337  0.944314  -0.783291  
0.466386  0.945596  -0.782651  
0.472349  0.946855  -0.782013  
0.478225  0.948092  -0.781378  
0.484016  0.949307  -0.780744  
0.489722  0.9505  -0.780113  
0.495344  0.951673  -0.779485  
0.500881  0.952824  -0.778859  
0.506335  0.953955  -0.778237  
0.511705  0.955066  -0.777618  
0.516992  0.956157  -0.777002  
0.522197  0.957229  -0.77639  
0.52732  0.958281  -0.775781  
0.532362  0.959315  -0.775176  
0.537324  0.960331  -0.774575  
0.542204  0.961329  -0.773978  
0.547006  0.962309  -0.773385  
0.551728  0.963271  -0.772797  
0.556371  0.964217  -0.772212  
0.560936  0.965145  -0.771632  
0.565424  0.966058  -0.771057  
0.569835  0.966954  -0.770486  
0.57417  0.967834  -0.76992  
0.578429  0.968699  -0.769359  
0.582613  0.969549  -0.768802  
0.586723  0.970384  -0.76825  
0.590758  0.971204  -0.767703  
0.594721  0.972009  -0.767161  
0.59861  0.972801  -0.766625  
0.602428  0.973578  -0.766093  
0.606175  0.974342  -0.765566  
0.609851  0.975093  -0.765044  
0.613457  0.975831  -0.764527  
0.616993  0.976556  -0.764016  
0.620461  0.977268  -0.763509  
0.623861  0.977967  -0.763008  
0.627193  0.978655  -0.762512  
0.630459  0.979331  -0.762021  
0.633658  0.979995  -0.761535  
0.636793  0.980648  -0.761055  
0.639862  0.981289  -0.760579  
0.642868  0.981919  -0.760109  
0.64581  0.982539  -0.759644  
0.64869  0.983148  -0.759184  
0.651508  0.983746  -0.75873  
0.654264  0.984335  -0.75828  
0.65696  0.984913  -0.757836  
0.659596  0.985481  -0.757397  
0.662173  0.98604  -0.756963  
0.664691  0.986589  -0.756534  
0.667152  0.98713  -0.75611  
0.669555  0.98766  -0.755692  
0.671902  0.988182  -0.755278  
0.674193  0.988696  -0.754869  
0.67643  0.9892  -0.754465  
0.678612  0.989697  -0.754067  
0.68074  0.990184  -0.753673  
0.682815  0.990664  -0.753284  
0.684838  0.991136  -0.7529  
0.68681  0.9916  -0.75252  
0.68873  0.992056  -0.752146  
0.6906  0.992505  -0.751776  
0.692421  0.992946  -0.751411  
0.694193  0.99338  -0.751051  
0.695916  0.993807  -0.750695  
0.697592  0.994227  -0.750344  
0.699222  0.99464  -0.749998  
0.700805  0.995047  -0.749656  
0.702342  0.995446  -0.749318  
0.703835  0.99584  -0.748985  
0.705283  0.996227  -0.748657  
0.706688  0.996607  -0.748333  
0.70805  0.996982  -0.748013  
0.70937  0.99735  -0.747697  
0.710648  0.997712  -0.747386  
0.711886  0.998069  -0.747079  
0.713083  0.99842  -0.746776  
0.71424  0.998765  -0.746478  
0.715358  0.999105  -0.746183  
0.716438  0.999439  -0.745892  
0.71748  0.999768  -0.745606  
0.718485  1.00009  -0.745323  
0.719453  1.00041  -0.745045  
0.720386  1.00072  -0.74477  
0.721283  1.00103  -0.744499  
0.722146  1.00134  -0.744232  
0.735752  1.00903  -0.737465  
0.748778  1.01651  -0.730699  
0.761232  1.0238  -0.723941  
0.773127  1.0309  -0.717196  
0.784471  1.03781  -0.710471  
0.795275  1.04454  -0.703771  
0.80555  1.05111  -0.697101  
0.815305  1.05751  -0.690465  
0.824551  1.06375  -0.683868  
0.833296  1.06983  -0.677314  
0.841552  1.07578  -0.670805  
0.849328  1.08158  -0.664346  
0.856633  1.08725  -0.657939  
0.863478  1.09279  -0.651587  
0.869871  1.0982  -0.645291  
0.875822  1.1035  -0.639055  
0.881341  1.10868  -0.632881  
0.886436  1.11375  -0.626769  
0.891117  1.11872  -0.620721  
0.895392  1.12359  -0.61474  
0.899272  1.12837  -0.608825  
0.902764  1.13305  -0.602979  
0.905877  1.13765  -0.597202  
0.908621  1.14216  -0.591494  
0.911003  1.14659  -0.585858  
0.913032  1.15095  -0.580292  
0.914716  1.15523  -0.574798  
0.916065  1.15944  -0.569376  
0.917085  1.16358  -0.564026  
0.917785  1.16766  -0.558748  
0.918173  1.17168  -0.553544  
0.918257  1.17564  -0.548412  
0.918044  1.17955  -0.543353  
0.917542  1.1834  -0.538367  
0.916759  1.1872  -0.533453  
0.915702  1.19094  -0.528612  
0.914379  1.19465  -0.523843  
0.912796  1.1983  -0.519147  
0.91096  1.20191  -0.514522  
0.90888  1.20548  -0.509969  
0.90656  1.20901  -0.505487  
0.90401  1.2125  -0.501077  
0.901234  1.21595  -0.496736  
0.89824  1.21937  -0.492466  
0.895034  1.22275  -0.488266  
0.891622  1.2261  -0.484135  
0.888011  1.22941  -0.480074  
0.884207  1.23269  -0.47608  
0.880215  1.23594  -0.472154  
0.876043  1.23917  -0.468296  
0.871695  1.24236  -0.464505  
0.867178  1.24553  -0.46078  
0.862496  1.24867  -0.457121  
0.857656  1.25178  -0.453527  
0.852663  1.25486  -0.449998  
0.847523  1.25792  -0.446533  
0.84224  1.26096  -0.443132  
0.83682  1.26397  -0.439793  
0.831267  1.26696  -0.436517  
0.825588  1.26992  -0.433302  
0.819786  1.27286  -0.430149  
0.813866  1.27578  -0.427056  
0.807834  1.27868  -0.424023  
0.801693  1.28155  -0.421049  
0.795448  1.28441  -0.418133  
0.789104  1.28724  -0.415276  
0.782665  1.29005  -0.412476  
0.776135  1.29283  -0.409732  
0.769518  1.2956  -0.407044  
0.762819  1.29835  -0.404412  
0.756041  1.30107  -0.401834  
0.749188  1.30378  -0.39931  
0.742264  1.30646  -0.39684  
0.735274  1.30913  -0.394422  
0.72822  1.31177  -0.392056  
0.721106  1.3144  -0.389741  
0.713936  1.317  -0.387476  
0.706712  1.31958  -0.385262  
0.69944  1.32215  -0.383097  
0.692121  1.32469  -0.38098  
0.684759  1.32721  -0.378911  
0.677358  1.32971  -0.376889  
0.669919  1.3322  -0.374913  
0.662447  1.33466  -0.372984  
0.654944  1.3371  -0.371099  
0.647414  1.33952  -0.369259  
0.639858  1.34192  -0.367462  
0.63228  1.3443  -0.365709  
0.624682  1.34666  -0.363997  
0.617068  1.349  -0.362328  
0.609439  1.35132  -0.360699  
0.601798  1.35362  -0.359111  
0.594147  1.3559  -0.357562  
0.58649  1.35816  -0.356052  
0.578828  1.3604  -0.35458  
0.571164  1.36262  -0.353146  
0.563499  1.36481  -0.351749  
0.555836  1.36699  -0.350388  
0.548178  1.36915  -0.349063  
0.540525  1.37128  -0.347773  
0.532881  1.3734  -0.346517  
0.525247  1.37549  -0.345295  
0.517625  1.37756  -0.344106  
0.510016  1.37962  -0.342949  
0.502424  1.38165  -0.341824  
0.494849  1.38366  -0.340731  
0.487293  1.38565  -0.339667  
0.479757  1.38763  -0.338634  
0.472244  1.38958  -0.33763  
0.464756  1.39151  -0.336655  
0.457292  1.39341  -0.335708  
0.449856  1.3953  -0.334788  
0.442448  1.39717  -0.333896  
0.43507  1.39902  -0.333029  
0.427724  1.40085  -0.332189  
0.42041  1.40266  -0.331374  
0.413129  1.40445  -0.330583  
0.405884  1.40621  -0.329817  
0.398675  1.40796  -0.329074  
0.391503  1.40969  -0.328355  
0.38437  1.4114  -0.327657  
0.377276  1.41308  -0.326982  
0.370223  1.41475  -0.326329  
0.363212  1.4164  -0.325696  
0.356243  1.41803  -0.325084  
0.349318  1.41964  -0.324492  
0.342438  1.42123  -0.323919  
0.335603  1.4228  -0.323365  
0.328814  1.42435  -0.32283  
0.322072  1.42589  -0.322313  
0.315377  1.4274  -0.321814  
0.308732  1.4289  -0.321332  
0.302135  1.43037  -0.320867  
0.295589  1.43183  -0.320418  
0.289093  1.43327  -0.319984  
0.282648  1.43469  -0.319567  
0.276255  1.4361  -0.319164  
0.269915  1.43748  -0.318776  
0.263627  1.43885  -0.318403  
0.257393  1.4402  -0.318043  
0.251212  1.44153  -0.317697  
0.245086  1.44285  -0.317364  
0.239015  1.44414  -0.317043  
0.232999  1.44542  -0.316735  
0.227039  1.44669  -0.31644  
0.221134  1.44793  -0.316155  
0.215286  1.44916  -0.315883  
0.209494  1.45038  -0.315621  
0.20376  1.45157  -0.31537  
0.198082  1.45276  -0.315129  
0.192462  1.45392  -0.314899  
0.186899  1.45507  -0.314678  
0.181395  1.4562  -0.314467  
0.175948  1.45732  -0.314265  
0.17056  1.45842  -0.314072  
0.165229  1.45951  -0.313888  
0.159958  1.46058  -0.313712  
0.154744  1.46164  -0.313544  
0.14959  1.46268  -0.313384  
0.144494  1.46371  -0.313232  
0.139456  1.46472  -0.313087  
0.134478  1.46572  -0.312949  
0.129558  1.4667  -0.312818  
0.124697  1.46767  -0.312694  
0.119895  1.46863  -0.312576  
0.115151  1.46957  -0.312465  
0.110466  1.4705  -0.312359  
0.10584  1.47142  -0.31226  
0.101272  1.47232  -0.312166  
0.0967629  1.47321  -0.312077  
0.0923118  1.47409  -0.311994  
0.0879189  1.47495  -0.311915  
0.083584  1.4758  -0.311842  
0.079307  1.47664  -0.311773  
0.0750877  1.47747  -0.311709  
0.0709259  1.47829  -0.311649  
0.0668215  1.47909  -0.311593  
0.0627743  1.47988  -0.311542  
0.0587839  1.48066  -0.311494  
0.0548503  1.48143  -0.31145  
0.0509732  1.48219  -0.31141  
0.0471523  1.48293  -0.311373  
0.0433874  1.48367  -0.311339  
0.0396783  1.48439  -0.311309  
0.0360245  1.48511  -0.311282  
0.0324259  1.48581  -0.311257  
0.0288822  1.4865  -0.311236  
0.0253931  1.48719  -0.311217  
0.0219582  1.48786  -0.311201  
0.0185772  1.48852  -0.311187  
0.0152499  1.48917  -0.311176  
0.0119758  1.48981  -0.311167  
0.00875472  1.49045  -0.31116  
0.00558619  1.49107  -0.311156  
0.0024699  1.49169  -0.311153  
-0.000594513  1.49229  -0.311152  
-0.00360742  1.49289  -0.311153  
-0.00656919  1.49347  -0.311156  
-0.00948021  1.49405  -0.31116  
-0.0123409  1.49462  -0.311166  
-0.0151515  1.49518  -0.311174  
-0.0179126  1.49574  -0.311183  
-0.0206245  1.49628  -0.311193  
-0.0232876  1.49682  -0.311205  
-0.0259024  1.49735  -0.311218  
-0.0284692  1.49787  -0.311232  
-0.0309884  1.49838  -0.311247  
-0.0334606  1.49888  -0.311263  
-0.035886  1.49938  -0.31128  
-0.0382652  1.49987  -0.311298  
-0.0405985  1.50035  -0.311317  
-0.0428865  1.50083  -0.311336  
-0.0451294  1.5013  -0.311357  
-0.0473279  1.50176  -0.311378  
-0.0494823  1.50221  -0.3114  
-0.051593  1.50266  -0.311422  
-0.0536606  1.5031  -0.311445  
-0.0556853  1.50353  -0.311469  
-0.0576679  1.50396  -0.311493  
-0.0596085  1.50438  -0.311517  
-0.0615078  1.50479  -0.311542  
-0.0633661  1.5052  -0.311568  
-0.065184  1.50561  -0.311593  
-0.0669618  1.506  -0.311619  
-0.0687  1.50639  -0.311646  
-0.0703992  1.50677  -0.311672  
-0.0720596  1.50715  -0.311699  
-0.0736819  1.50753  -0.311726  
-0.0752665  1.50789  -0.311754  
-0.0768137  1.50825  -0.311781  
-0.0783241  1.50861  -0.311808  
-0.0797982  1.50896  -0.311836  
-0.0812363  1.50931  -0.311864  
-0.082639  1.50964  -0.311892  
-0.0840066  1.50998  -0.311919  
-0.0853398  1.51031  -0.311947  
-0.0866388  1.51063  -0.311975  
-0.0879042  1.51095  -0.312003  
-0.0891364  1.51127  -0.312031  
-0.0903358  1.51158  -0.312059  
-0.091503  1.51189  -0.312087  
-0.0926383  1.51219  -0.312114  
-0.0989022  1.5269  -0.313479  
-0.104906  1.54139  -0.314913  
-0.110654  1.55566  -0.31641  
-0.116151  1.5697  -0.317963  
-0.121402  1.58352  -0.319569  
-0.126411  1.59712  -0.32122  
-0.131183  1.61052  -0.322913  
-0.135722  1.6237  -0.324642  
-0.140032  1.63668  -0.326403  
-0.144118  1.64946  -0.328192  
-0.147984  1.66204  -0.330004  
-0.151634  1.67442  -0.331837  
-0.155073  1.68661  -0.333685  
-0.158305  1.69861  -0.335547  
-0.161334  1.71043  -0.337417  
-0.164164  1.72207  -0.339295  
-0.166799  1.73353  -0.341176  
-0.169243  1.74481  -0.343058  
-0.171501  1.75591  -0.344939  
-0.173576  1.76685  -0.346816  
-0.175472  1.77762  -0.348686  
-0.177193  1.78823  -0.350548  
-0.178742  1.79868  -0.3524  
-0.180125  1.80896  -0.354239  
-0.181343  1.81909  -0.356065  
-0.182402  1.82907  -0.357875  
-0.183304  1.8389  -0.359668  
-0.184054  1.84858  -0.361443  
-0.184654  1.85812  -0.363199  
-0.185109  1.86751  -0.364933  
-0.185421  1.87676  -0.366646  
-0.185595  1.88588  -0.368335  
-0.185634  1.89486  -0.370001  
-0.185541  1.9037  -0.371642  
-0.185319  1.91242  -0.373258  
-0.184971  1.921  -0.374848  
-0.184502  1.92946  -0.376411  
-0.183913  1.93779  -0.377946  
-0.183209  1.94601  -0.379454  
-0.182392  1.9541  -0.380933  
-0.181465  1.96207  -0.382384  
-0.180432  1.96992  -0.383806  
-0.179295  1.97766  -0.385199  
-0.178057  1.98529  -0.386562  
-0.176721  1.99281  -0.387896  
-0.17529  2.00022  -0.3892  
-0.173766  2.00752  -0.390474  
-0.172154  2.01471  -0.391719  
-0.170454  2.0218  -0.392933  
-0.16867  2.02878  -0.394117  
-0.166804  2.03567  -0.395272  
-0.16486  2.04245  -0.396397  
-0.162839  2.04914  -0.397492  
-0.160744  2.05573  -0.398557  
-0.158578  2.06223  -0.399593  
-0.156342  2.06863  -0.4006  
-0.15404  2.07494  -0.401578  
-0.151674  2.08115  -0.402527  
-0.149246  2.08728  -0.403448  
-0.146758  2.09332  -0.40434  
-0.144212  2.09928  -0.405204  
-0.141611  2.10514  -0.406041  
-0.138957  2.11093  -0.40685  
-0.136252  2.11663  -0.407632  
-0.133497  2.12224  -0.408388  
-0.130696  2.12778  -0.409117  
-0.12785  2.13324  -0.40982  
-0.124961  2.13861  -0.410497  
-0.12203  2.14391  -0.411149  
-0.119061  2.14914  -0.411776  
-0.116054  2.15429  -0.412379  
-0.113012  2.15936  -0.412957  
-0.109936  2.16436  -0.413512  
-0.106827  2.16929  -0.414043  
-0.103689  2.17415  -0.414552  
-0.100522  2.17894  -0.415038  
-0.0973282  2.18365  -0.415501  
-0.0941089  2.1883  -0.415944  
-0.0908659  2.19289  -0.416365  
-0.0876007  2.1974  -0.416765  
-0.0843149  2.20185  -0.417145  
-0.0810098  2.20624  -0.417504  
-0.0776871  2.21056  -0.417845  
-0.074348  2.21482  -0.418166  
-0.070994  2.21902  -0.418468  
-0.0676264  2.22315  -0.418752  
-0.0642467  2.22723  -0.419019  
-0.060856  2.23125  -0.419267  
-0.0574557  2.23521  -0.419499  
-0.054047  2.23911  -0.419714  
-0.0506311  2.24295  -0.419913  
-0.0472093  2.24673  -0.420096  
-0.0437826  2.25047  -0.420264  
-0.0403522  2.25414  -0.420416  
-0.0369193  2.25777  -0.420554  
-0.0334849  2.26133  -0.420678  
-0.0300501  2.26485  -0.420788  
-0.0266158  2.26832  -0.420884  
-0.0231831  2.27173  -0.420967  
-0.019753  2.27509  -0.421038  
-0.0163265  2.27841  -0.421096  
-0.0129044  2.28167  -0.421142  
-0.00948762  2.28489  -0.421177  
-0.00607711  2.28806  -0.4212  
-0.00267371  2.29118  -0.421213  
0.000721762  2.29426  -0.421215  
0.00410849  2.29729  -0.421206  
0.00748568  2.30027  -0.421188  
0.0108526  2.30321  -0.42116  
0.0142084  2.30611  -0.421122  
0.0175525  2.30896  -0.421076  
0.0208841  2.31177  -0.421021  
0.0242026  2.31454  -0.420958  
0.0275072  2.31727  -0.420886  
0.0307975  2.31996  -0.420807  
0.0340726  2.3226  -0.420721  
0.0373321  2.32521  -0.420627  
0.0405753  2.32778  -0.420526  
0.0438017  2.33031  -0.420419  
0.0470107  2.3328  -0.420305  
0.0502019  2.33525  -0.420185  
0.0533747  2.33767  -0.42006  
0.0565286  2.34005  -0.419928  
0.0596632  2.3424  -0.419791  
0.0627779  2.3447  -0.419649  
0.0658725  2.34698  -0.419502  
0.0689463  2.34922  -0.419351  
0.0719991  2.35143  -0.419195  
0.0750305  2.3536  -0.419035  
0.07804  2.35574  -0.41887  
0.0810274  2.35785  -0.418702  
0.0839922  2.35992  -0.41853  
0.0869342  2.36197  -0.418355  
0.0898531  2.36398  -0.418176  
0.0927485  2.36596  -0.417994  
0.0956201  2.36792  -0.41781  
0.0984678  2.36984  -0.417622  
0.101291  2.37173  -0.417433  
0.10409  2.3736  -0.41724  
0.106864  2.37543  -0.417046  
0.109613  2.37724  -0.416849  
0.112337  2.37902  -0.416651  
0.115036  2.38078  -0.41645  
0.117709  2.3825  -0.416248  
0.120357  2.38421  -0.416045  
0.122979  2.38588  -0.41584  
0.125574  2.38753  -0.415634  
0.128144  2.38915  -0.415427  
0.130687  2.39075  -0.415219  
0.133204  2.39233  -0.41501  
0.135695  2.39388  -0.4148  
0.138159  2.39541  -0.41459  
0.140596  2.39691  -0.414379  
0.143007  2.39839  -0.414168  
0.145391  2.39985  -0.413956  
0.147748  2.40129  -0.413744  
0.150078  2.4027  -0.413532  
0.152382  2.40409  -0.41332  
0.154658  2.40546  -0.413108  
0.156908  2.40681  -0.412896  
0.15913  2.40814  -0.412684  
0.161326  2.40945  -0.412473  
0.163495  2.41074  -0.412262  
0.165637  2.41201  -0.412051  
0.167752  2.41326  -0.411841  
0.16984  2.41449  -0.411631  
0.171902  2.4157  -0.411422  
0.173936  2.4169  -0.411214  
0.175944  2.41807  -0.411006  
0.177926  2.41923  -0.4108  
0.17988  2.42037  -0.410594  
0.181809  2.42149  -0.410389  
0.183711  2.42259  -0.410185  
0.185586  2.42368  -0.409982  
0.187435  2.42475  -0.40978  
0.189258  2.42581  -0.409579  
0.191055  2.42684  -0.409379  
0.192826  2.42787  -0.409181  
0.194571  2.42887  -0.408983  
0.196291  2.42987  -0.408787  
0.197985  2.43084  -0.408592  
0.199653  2.4318  -0.408399  
0.201296  2.43275  -0.408207  
0.202914  2.43368  -0.408016  
0.204507  2.4346  -0.407826  
0.206074  2.4355  -0.407638  
0.207617  2.43639  -0.407452  
0.209136  2.43727  -0.407266  
0.210629  2.43813  -0.407083  
0.212099  2.43898  -0.406901  
0.213544  2.43982  -0.40672  
0.214966  2.44064  -0.406541  
0.216363  2.44145  -0.406363  
0.217737  2.44225  -0.406187  
0.219087  2.44304  -0.406013  
0.220414  2.44381  -0.40584  
0.221718  2.44458  -0.405668  
0.222999  2.44533  -0.405499  
0.224257  2.44607  -0.405331  
0.225493  2.4468  -0.405164  
0.226706  2.44751  -0.404999  
0.227897  2.44822  -0.404836  
0.229066  2.44892  -0.404674  
0.230213  2.4496  -0.404514  
0.231339  2.45028  -0.404356  
0.232443  2.45094  -0.404199  
0.233525  2.45159  -0.404044  
0.234587  2.45224  -0.403891  
0.235628  2.45287  -0.403739  
0.236648  2.4535  -0.403589  
0.237648  2.45411  -0.40344  
0.238628  2.45472  -0.403293  
0.239587  2.45531  -0.403148  
0.240527  2.4559  -0.403004  
0.241447  2.45648  -0.402862  
0.242348  2.45705  -0.402722  
0.24323  2.45761  -0.402583  
0.244092  2.45816  -0.402446  
0.244936  2.45871  -0.40231  
0.245761  2.45924  -0.402176  
0.246568  2.45977  -0.402043  
0.247357  2.46029  -0.401913  
0.248128  2.4608  -0.401783  
0.248881  2.46131  -0.401655  
0.249617  2.4618  -0.401529  
0.250335  2.46229  -0.401404  
0.251036  2.46277  -0.401281  
0.251721  2.46325  -0.40116  
0.252389  2.46371  -0.401039  
0.25304  2.46417  -0.400921  
0.253675  2.46463  -0.400804  
0.254294  2.46507  -0.400688  
0.254897  2.46551  -0.400574  
0.255485  2.46594  -0.400461  
0.256057  2.46637  -0.40035  
0.256614  2.46679  -0.40024  
0.257156  2.4672  -0.400131  
0.257684  2.46761  -0.400024  
0.258197  2.46801  -0.399919  
0.258695  2.4684  -0.399814  
0.259179  2.46879  -0.399711  
0.259649  2.46918  -0.39961  
0.260106  2.46955  -0.39951  
0.260549  2.46992  -0.399411  
0.260979  2.47029  -0.399313  
0.261395  2.47065  -0.399217  
0.261799  2.47101  -0.399122  
0.26219  2.47136  -0.399028  
0.262568  2.4717  -0.398936  
0.262934  2.47204  -0.398845  
0.263288  2.47237  -0.398755  
0.26363  2.4727  -0.398666  
0.26396  2.47302  -0.398579  
0.264278  2.47334  -0.398493  
0.264585  2.47366  -0.398408  
0.264881  2.47397  -0.398324  
0.265166  2.47427  -0.398241  
0.26544  2.47457  -0.39816  
0.25713  2.48397  -0.395607  
0.249142  2.49325  -0.393168  
0.241469  2.5024  -0.390838  
0.234106  2.51144  -0.388611  
0.227047  2.52036  -0.386482  
0.220288  2.52915  -0.384446  
0.213823  2.53783  -0.382498  
0.207647  2.54639  -0.380634  
0.201754  2.55483  -0.378849  
0.196138  2.56316  -0.377139  
0.190796  2.57137  -0.3755  
0.185722  2.57947  -0.373928  
0.18091  2.58745  -0.372419  
0.176356  2.59532  -0.37097  
0.172054  2.60308  -0.369578  
0.168  2.61072  -0.368238  
0.164188  2.61826  -0.366949  
0.160615  2.62569  -0.365706  
0.157274  2.63302  -0.364508  
0.154161  2.64024  -0.363351  
0.151272  2.64735  -0.362233  
0.148602  2.65436  -0.361151  
0.146146  2.66127  -0.360104  
0.1439  2.66808  -0.359088  
0.141858  2.67479  -0.358102  
0.140018  2.6814  -0.357145  
0.138373  2.68792  -0.356212  
0.13692  2.69434  -0.355304  
0.135654  2.70067  -0.354419  
0.134572  2.7069  -0.353554  
0.133669  2.71304  -0.352708  
0.13294  2.71909  -0.35188  
0.132382  2.72505  -0.351068  
0.13199  2.73093  -0.350271  
0.131761  2.73672  -0.349489  
0.13169  2.74242  -0.348718  
0.131774  2.74804  -0.34796  
0.132008  2.75357  -0.347212  
0.13239  2.75902  -0.346473  
0.132914  2.7644  -0.345744  
0.133578  2.76969  -0.345022  
0.134377  2.7749  -0.344307  
0.135309  2.78004  -0.343598  
0.136369  2.7851  -0.342895  
0.137554  2.79008  -0.342197  
0.138861  2.79499  -0.341504  
0.140285  2.79983  -0.340814  
0.141825  2.80459  -0.340127  
0.143475  2.80928  -0.339444  
0.145234  2.81391  -0.338762  
0.147098  2.81846  -0.338083  
0.149063  2.82295  -0.337405  
0.151128  2.82737  -0.336728  
0.153287  2.83172  -0.336052  
0.155539  2.836  -0.335377  
0.157881  2.84023  -0.334702  
0.16031  2.84438  -0.334028  
0.162822  2.84848  -0.333353  
0.165415  2.85251  -0.332678  
0.168086  2.85649  -0.332003  
0.170832  2.8604  -0.331327  
0.173652  2.86425  -0.33065  
0.176541  2.86805  -0.329973  
0.179497  2.87178  -0.329295  
0.182519  2.87546  -0.328616  
0.185603  2.87909  -0.327936  
0.188747  2.88266  -0.327254  
0.191948  2.88617  -0.326572  
0.195204  2.88963  -0.325889  
0.198514  2.89304  -0.325205  
0.201873  2.89639  -0.324519  
0.205281  2.8997  -0.323833  
0.208735  2.90295  -0.323146  
0.212233  2.90615  -0.322457  
0.215772  2.90931  -0.321768  
0.219352  2.91241  -0.321078  
0.222968  2.91547  -0.320387  
0.226621  2.91847  -0.319696  
0.230307  2.92144  -0.319004  
0.234024  2.92435  -0.318311  
0.237772  2.92722  -0.317618  
0.241547  2.93005  -0.316924  
0.245349  2.93283  -0.31623  
0.249175  2.93557  -0.315536  
0.253024  2.93827  -0.314842  
0.256893  2.94092  -0.314148  
0.260782  2.94353  -0.313454  
0.264689  2.9461  -0.31276  
0.268612  2.94863  -0.312067  
0.272549  2.95112  -0.311374  
0.276499  2.95357  -0.310682  
0.280461  2.95598  -0.30999  
0.284433  2.95836  -0.3093  
0.288413  2.96069  -0.30861  
0.292401  2.96299  -0.307921  
0.296394  2.96525  -0.307234  
0.300393  2.96748  -0.306547  
0.304394  2.96967  -0.305862  
0.308397  2.97182  -0.305179  
0.312402  2.97394  -0.304497  
0.316405  2.97603  -0.303817  
0.320407  2.97809  -0.303139  
0.324407  2.98011  -0.302463  
0.328402  2.98209  -0.301789  
0.332393  2.98405  -0.301117  
0.336378  2.98597  -0.300447  
0.340355  2.98787  -0.29978  
0.344325  2.98973  -0.299115  
0.348286  2.99156  -0.298453  
0.352236  2.99337  -0.297793  
0.356176  2.99514  -0.297136  
0.360104  2.99688  -0.296482  
0.36402  2.9986  -0.295832  
0.367921  3.00029  -0.295184  
0.371809  3.00195  -0.294539  
0.375682  3.00358  -0.293897  
0.379538  3.00519  -0.293259  
0.383378  3.00677  -0.292625  
0.387201  3.00833  -0.291993  
0.391006  3.00986  -0.291365  
0.394792  3.01136  -0.290741  
0.398558  3.01284  -0.290121  
0.402305  3.0143  -0.289504  
0.406031  3.01573  -0.288891  
0.409736  3.01714  -0.288282  
0.413418  3.01852  -0.287677  
0.417079  3.01989  -0.287076  
0.420717  3.02123  -0.286479  
0.424331  3.02254  -0.285886  
0.427921  3.02384  -0.285297  
0.431488  3.02512  -0.284713  
0.435029  3.02637  -0.284132  
0.438545  3.0276  -0.283556  
0.442035  3.02882  -0.282985  
0.445499  3.03001  -0.282417  
0.448937  3.03118  -0.281854  
0.452348  3.03234  -0.281296  
0.455732  3.03347  -0.280742  
0.459088  3.03459  -0.280192  
0.462416  3.03569  -0.279647  
0.465717  3.03677  -0.279107  
0.468989  3.03783  -0.278571  
0.472232  3.03887  -0.278039  
0.475446  3.0399  -0.277513  
0.478631  3.04091  -0.276991  
0.481787  3.0419  -0.276473  
0.484913  3.04288  -0.27596  
0.488009  3.04384  -0.275452  
0.491076  3.04479  -0.274949  
0.494112  3.04571  -0.27445  
0.497117  3.04663  -0.273956  
0.500093  3.04753  -0.273466  
0.503037  3.04841  -0.272982  
0.505951  3.04928  -0.272502  
0.508834  3.05014  -0.272026  
0.511687  3.05098  -0.271556  
0.514508  3.0518  -0.27109  
0.517298  3.05262  -0.270628  
0.520057  3.05342  -0.270172  
0.522784  3.0542  -0.26972  
0.525481  3.05498  -0.269273  
0.528146  3.05574  -0.26883  
0.53078  3.05649  -0.268392  
0.533382  3.05722  -0.267959  
0.535953  3.05795  -0.26753  
0.538493  3.05866  -0.267106  
0.541002  3.05936  -0.266686  
0.543479  3.06005  -0.266271  
0.545925  3.06073  -0.26586  
0.54834  3.06139  -0.265455  
0.550723  3.06205  -0.265053  
0.553076  3.0627  -0.264656  
0.555398  3.06333  -0.264263  
0.557688  3.06395  -0.263875  
0.559948  3.06457  -0.263492  
0.562177  3.06517  -0.263112  
0.564375  3.06577  -0.262737  
0.566543  3.06635  -0.262367  
0.56868  3.06692  -0.262001  
0.570786  3.06749  -0.261639  
0.572863  3.06805  -0.261281  
0.574909  3.06859  -0.260927  
0.576926  3.06913  -0.260578  
0.578912  3.06966  -0.260233  
0.580869  3.07018  -0.259892  
0.582796  3.07069  -0.259555  
0.584694  3.0712  -0.259222  
0.586562  3.07169  -0.258893  
0.588402  3.07218  -0.258569  
0.590212  3.07266  -0.258248  
0.591994  3.07313  -0.257931  
0.593747  3.0736  -0.257618  
0.595472  3.07406  -0.257309  
0.597169  3.0745  -0.257004  
0.598837  3.07495  -0.256703  
0.600478  3.07538  -0.256405  
0.602091  3.07581  -0.256112  
0.603677  3.07623  -0.255822  
0.605236  3.07665  -0.255535  
0.606767  3.07706  -0.255253  
0.608272  3.07746  -0.254974  
0.60975  3.07785  -0.254698  
0.611201  3.07824  -0.254426  
0.612627  3.07862  -0.254158  
0.614026  3.079  -0.253893  
0.6154  3.07937  -0.253632  
0.616748  3.07973  -0.253374  
0.618071  3.08009  -0.253119  
0.619369  3.08045  -0.252868  
0.620642  3.08079  -0.25262  
0.621891  3.08114  -0.252375  
0.623115  3.08147  -0.252134  
0.624315  3.0818  -0.251896  
0.625491  3.08213  -0.251661  
0.626644  3.08245  -0.251429  
0.627773  3.08277  -0.2512  
0.628879  3.08308  -0.250975  
0.629962  3.08338  -0.250752  
0.634121  3.09082  -0.245325  
0.638127  3.09813  -0.239948  
0.641982  3.10531  -0.234624  
0.645687  3.11236  -0.229354  
0.649247  3.11928  -0.224136  
0.652663  3.12609  -0.218974  
0.655938  3.13277  -0.213866  
0.659074  3.13934  -0.208813  
0.662074  3.14579  -0.203817  
0.664941  3.15213  -0.198877  
0.667676  3.15837  -0.193993  
0.670283  3.16449  -0.189166  
0.672763  3.17051  -0.184395  
0.67512  3.17644  -0.179682  
0.677354  3.18226  -0.175026  
0.67947  3.18798  -0.170428  
0.681468  3.19361  -0.165886  
0.683352  3.19914  -0.161402  
0.685123  3.20459  -0.156975  
0.686784  3.20994  -0.152605  
0.688337  3.21521  -0.148292  
0.689784  3.2204  -0.144036  
0.691128  3.22549  -0.139836  
0.692371  3.23051  -0.135693  
0.693514  3.23545  -0.131605  
0.69456  3.24031  -0.127574  
0.69551  3.24509  -0.123598  
0.696368  3.2498  -0.119677  
0.697135  3.25443  -0.115811  
0.697813  3.25899  -0.111999  
0.698404  3.26348  -0.108242  
0.69891  3.2679  -0.104538  
0.699333  3.27225  -0.100888  
0.699675  3.27654  -0.0972904  
0.699937  3.28076  -0.0937454  
0.700123  3.28492  -0.0902525  
0.700233  3.28901  -0.0868111  
0.700269  3.29304  -0.0834209  
0.700233  3.29702  -0.0800812  
0.700128  3.30093  -0.0767917  
0.699954  3.30478  -0.0735519  
0.699714  3.30858  -0.0703612  
0.699409  3.31232  -0.0672192  
0.69904  3.31601  -0.0641254  
0.698611  3.31964  -0.0610791  
0.698121  3.32322  -0.05808  
0.697574  3.32675  -0.0551275  
0.69697  3.33023  -0.052221  
0.69631  3.33366  -0.0493601  
0.695598  3.33703  -0.0465441  
0.694833  3.34036  -0.0437727  
0.694019  3.34364  -0.0410452  
0.693155  3.34688  -0.0383611  
0.692244  3.35007  -0.0357198  
0.691287  3.35321  -0.0331209  
0.690285  3.35631  -0.0305638  
0.689241  3.35937  -0.028048  
0.688154  3.36238  -0.0255729  
0.687027  3.36535  -0.0231381  
0.685861  3.36827  -0.0207429  
0.684658  3.37116  -0.0183868  
0.683418  3.37401  -0.0160693  
0.682142  3.37682  -0.01379  
0.680833  3.37958  -0.0115482  
0.679491  3.38231  -0.0093435  
0.678118  3.38501  -0.00717531  
0.676714  3.38766  -0.00504314  
0.675282  3.39028  -0.00294649  
0.673821  3.39286  -0.00088484  
0.672333  3.39541  0.00114231  
0.67082  3.39792  0.00313546  
0.669282  3.40039  0.0050951  
0.66772  3.40284  0.00702173  
0.666136  3.40524  0.00891583  
0.664531  3.40762  0.0107779  
0.662905  3.40996  0.0126084  
0.661259  3.41228  0.0144078  
0.659595  3.41456  0.0161766  
0.657914  3.4168  0.0179153  
0.656215  3.41902  0.0196243  
0.654501  3.42121  0.021304  
0.652773  3.42337  0.022955  
0.65103  3.4255  0.0245777  
0.649274  3.42759  0.0261724  
0.647506  3.42967  0.0277398  
0.645727  3.43171  0.0292801  
0.643937  3.43372  0.0307939  
0.642138  3.43571  0.0322814  
0.640329  3.43767  0.0337433  
0.638512  3.4396  0.0351798  
0.636688  3.44151  0.0365915  
0.634857  3.44339  0.0379786  
0.63302  3.44525  0.0393416  
0.631177  3.44708  0.0406809  
0.62933  3.44888  0.0419969  
0.627479  3.45066  0.0432899  
0.625625  3.45242  0.0445604  
0.623768  3.45415  0.0458087  
0.621909  3.45586  0.0470352  
0.620048  3.45755  0.0482403  
0.618186  3.45921  0.0494242  
0.616325  3.46085  0.0505874  
0.614463  3.46247  0.0517303  
0.612602  3.46406  0.0528531  
0.610743  3.46564  0.0539562  
0.608886  3.46719  0.0550399  
0.60703  3.46872  0.0561047  
0.605178  3.47023  0.0571507  
0.603329  3.47172  0.0581783  
0.601484  3.47319  0.0591879  
0.599644  3.47464  0.0601797  
0.597808  3.47606  0.061154  
0.595977  3.47747  0.0621112  
0.594152  3.47886  0.0630516  
0.592332  3.48023  0.0639754  
0.590519  3.48159  0.064883  
0.588713  3.48292  0.0657746  
0.586914  3.48423  0.0666505  
0.585123  3.48553  0.0675109  
0.583339  3.48681  0.0683562  
0.581564  3.48807  0.0691867  
0.579797  3.48931  0.0700025  
0.578039  3.49054  0.0708039  
0.57629  3.49175  0.0715913  
0.574551  3.49294  0.0723648  
0.572821  3.49412  0.0731247  
0.571102  3.49528  0.0738712  
0.569392  3.49642  0.0746046  
0.567693  3.49755  0.0753251  
0.566005  3.49866  0.0760329  
0.564328  3.49976  0.0767283  
0.562663  3.50084  0.0774115  
0.561008  3.50191  0.0780827  
0.559366  3.50296  0.0787421  
0.557735  3.504  0.07939  
0.556116  3.50502  0.0800265  
0.55451  3.50603  0.0806518  
0.552916  3.50702  0.0812662  
0.551335  3.508  0.0818699  
0.549766  3.50897  0.082463  
0.548211  3.50992  0.0830457  
0.546668  3.51086  0.0836183  
0.545139  3.51179  0.0841808  
0.543623  3.5127  0.0847336  
0.542121  3.5136  0.0852767  
0.540632  3.51449  0.0858104  
0.539156  3.51536  0.0863347  
0.537695  3.51622  0.08685  
0.536248  3.51707  0.0873563  
0.534814  3.51791  0.0878538  
0.533395  3.51874  0.0883427  
0.531989  3.51955  0.0888231  
0.530598  3.52036  0.0892952  
0.529222  3.52115  0.0897591  
0.527859  3.52193  0.090215  
0.526511  3.5227  0.090663  
0.525178  3.52346  0.0911033  
0.523859  3.52421  0.0915361  
0.522554  3.52494  0.0919613  
0.521264  3.52567  0.0923793  
0.519989  3.52639  0.0927901  
0.518728  3.52709  0.0931938  
0.517482  3.52779  0.0935906  
0.51625  3.52847  0.0939806  
0.515033  3.52915  0.0943639  
0.513831  3.52982  0.0947407  
0.512644  3.53047  0.0951111  
0.511471  3.53112  0.0954751  
0.510312  3.53176  0.095833  
0.509169  3.53239  0.0961847  
0.50804  3.53301  0.0965305  
0.506925  3.53362  0.0968704  
0.505825  3.53422  0.0972046  
0.50474  3.53482  0.0975331  
0.503669  3.5354  0.097856  
0.502612  3.53598  0.0981735  
0.50157  3.53655  0.0984856  
0.500543  3.53711  0.0987925  
0.499529  3.53766  0.0990942  
0.49853  3.5382  0.0993908  
0.497545  3.53874  0.0996825  
0.496574  3.53927  0.0999693  
0.495618  3.53979  0.100251  
0.494675  3.5403  0.100528  
0.493747  3.54081  0.100801  
0.492832  3.54131  0.101069  
0.491931  3.5418  0.101333  
0.491044  3.54228  0.101592  
0.49017  3.54276  0.101847  
0.489311  3.54323  0.102098  
0.488464  3.54369  0.102344  
0.487632  3.54415  0.102587  
0.486812  3.5446  0.102825  
0.486006  3.54504  0.10306  
0.485213  3.54548  0.10329  
0.484433  3.54591  0.103517  
0.483667  3.54634  0.10374  
0.482913  3.54675  0.10396  
0.482172  3.54717  0.104176  
0.481443  3.54757  0.104388  
0.480728  3.54797  0.104597  
0.480025  3.54837  0.104802  
0.479334  3.54875  0.105004  
0.478656  3.54914  0.105203  
0.47799  3.54951  0.105399  
0.477336  3.54989  0.105591  
0.476694  3.55025  0.10578  
0.476064  3.55061  0.105966  
0.475446  3.55097  0.10615  
0.47484  3.55132  0.10633  
0.474245  3.55166  0.106507  
0.473662  3.552  0.106682  
0.47309  3.55234  0.106853  
0.47253  3.55267  0.107022  
0.471981  3.55299  0.107188  
0.471442  3.55331  0.107352  
0.470915  3.55363  0.107513  
0.470399  3.55394  0.107671  
0.469893  3.55425  0.107827  
0.469398  3.55455  0.10798  
0.496355  3.56483  0.113196  
0.522228  3.57483  0.1186  
0.547036  3.58453  0.124173  
0.570799  3.59395  0.129893  
0.593535  3.60309  0.135744  
0.615263  3.61197  0.141707  
0.636001  3.62058  0.147767  
0.655768  3.62895  0.153908  
0.674582  3.63707  0.160118  
0.692461  3.64496  0.166384  
0.709424  3.65262  0.172693  
0.725488  3.66006  0.179035  
0.740672  3.6673  0.1854  
0.754994  3.67434  0.191779  
0.768471  3.68118  0.198163  
0.78112  3.68785  0.204545  
0.79296  3.69434  0.210918  
0.804008  3.70067  0.217274  
0.814282  3.70684  0.22361  
0.823797  3.71286  0.229918  
0.832572  3.71874  0.236194  
0.840624  3.72448  0.242434  
0.847968  3.7301  0.248634  
0.854621  3.73559  0.25479  
0.860601  3.74098  0.260898  
0.865923  3.74625  0.266956  
0.870603  3.75143  0.27296  
0.874656  3.75651  0.278909  
0.8781  3.7615  0.2848  
0.880948  3.7664  0.290631  
0.883217  3.77123  0.296401  
0.884921  3.77598  0.302107  
0.886076  3.78067  0.307748  
0.886695  3.78528  0.313323  
0.886793  3.78984  0.31883  
0.886385  3.79434  0.324269  
0.885484  3.79879  0.329639  
0.884105  3.80318  0.334938  
0.882259  3.80753  0.340165  
0.879962  3.81184  0.345321  
0.877226  3.8161  0.350405  
0.874063  3.82033  0.355415  
0.870486  3.82452  0.360352  
0.866509  3.82869  0.365214  
0.862141  3.83282  0.370002  
0.857397  3.83692  0.374716  
0.852287  3.84099  0.379354  
0.846823  3.84504  0.383917  
0.841015  3.84907  0.388404  
0.834876  3.85308  0.392816  
0.828415  3.85707  0.397152  
0.821644  3.86103  0.401412  
0.814572  3.86499  0.405595  
0.80721  3.86892  0.409702  
0.799567  3.87284  0.413734  
0.791654  3.87674  0.417689  
0.78348  3.88063  0.421567  
0.775053  3.88451  0.42537  
0.766384  3.88837  0.429096  
0.75748  3.89222  0.432747  
0.748351  3.89606  0.436322  
0.739005  3.89989  0.439821  
0.729451  3.9037  0.443244  
0.719696  3.90751  0.446592  
0.709748  3.9113  0.449865  
0.699615  3.91508  0.453064  
0.689305  3.91885  0.456187  
0.678826  3.92261  0.459237  
0.668183  3.92635  0.462212  
0.657385  3.93009  0.465114  
0.646438  3.93381  0.467942  
0.635348  3.93752  0.470698  
0.624124  3.94122  0.473381  
0.61277  3.94491  0.475992  
0.601293  3.94858  0.478531  
0.5897  3.95223  0.481  
0.577995  3.95588  0.483398  
0.566186  3.95951  0.485726  
0.554278  3.96312  0.487985  
0.542276  3.96672  0.490174  
0.530185  3.9703  0.492296  
0.518012  3.97387  0.49435  
0.505761  3.97741  0.496337  
0.493437  3.98095  0.498257  
0.481045  3.98446  0.500112  
0.468591  3.98795  0.501903  
0.456078  3.99143  0.503629  
0.443511  3.99488  0.505291  
0.430895  3.99831  0.506891  
0.418234  4.00173  0.508429  
0.405533  4.00512  0.509906  
0.392795  4.00848  0.511323  
0.380024  4.01183  0.51268  
0.367226  4.01515  0.513979  
0.354402  4.01845  0.515221  
0.341558  4.02173  0.516405  
0.328697  4.02498  0.517534  
0.315822  4.0282  0.518607  
0.302938  4.0314  0.519627  
0.290046  4.03457  0.520593  
0.277152  4.03771  0.521507  
0.264257  4.04083  0.52237  
0.251366  4.04392  0.523182  
0.23848  4.04699  0.523946  
0.225605  4.05002  0.52466  
0.212741  4.05302  0.525328  
0.199892  4.056  0.525949  
0.187062  4.05895  0.526524  
0.174252  4.06186  0.527055  
0.161465  4.06475  0.527543  
0.148704  4.0676  0.527988  
0.135972  4.07043  0.528391  
0.123271  4.07322  0.528754  
0.110602  4.07598  0.529077  
0.0979697  4.07871  0.529362  
0.0853749  4.08141  0.529609  
0.0728203  4.08408  0.529819  
0.0603079  4.08672  0.529994  
0.0478399  4.08932  0.530134  
0.0354183  4.09189  0.53024  
0.023045  4.09443  0.530314  
0.0107221  4.09694  0.530355  
-0.00154868  4.09941  0.530366  
-0.0137654  4.10185  0.530346  
-0.0259264  4.10426  0.530298  
-0.0380299  4.10664  0.530221  
-0.0500742  4.10899  0.530118  
-0.0620577  4.1113  0.529987  
-0.0739788  4.11358  0.529831  
-0.085836  4.11582  0.529651  
-0.0976279  4.11804  0.529447  
-0.109353  4.12022  0.52922  
-0.12101  4.12237  0.528971  
-0.132597  4.12449  0.5287  
-0.144114  4.12658  0.528409  
-0.155558  4.12864  0.528099  
-0.166929  4.13066  0.527769  
-0.178226  4.13265  0.527422  
-0.189447  4.13462  0.527057  
-0.200591  4.13655  0.526675  
-0.211658  4.13845  0.526278  
-0.222646  4.14032  0.525865  
-0.233554  4.14216  0.525438  
-0.244381  4.14397  0.524997  
-0.255127  4.14575  0.524543  
-0.265791  4.1475  0.524077  
-0.276371  4.14922  0.523599  
-0.286867  4.15091  0.523109  
-0.297279  4.15257  0.522609  
-0.307605  4.15421  0.522099  
-0.317845  4.15582  0.521579  
-0.327998  4.15739  0.521051  
-0.338063  4.15895  0.520514  
-0.348041  4.16047  0.51997  
-0.35793  4.16197  0.519418  
-0.36773  4.16344  0.51886  
-0.37744  4.16489  0.518295  
-0.387061  4.16631  0.517725  
-0.39659  4.1677  0.517149  
-0.40603  4.16907  0.516569  
-0.415377  4.17041  0.515984  
-0.424634  4.17173  0.515395  
-0.433798  4.17303  0.514803  
-0.442871  4.1743  0.514207  
-0.451851  4.17555  0.513609  
-0.460738  4.17677  0.513008  
-0.469533  4.17797  0.512406  
-0.478234  4.17915  0.511801  
-0.486843  4.18031  0.511195  
-0.495358  4.18144  0.510589  
-0.50378  4.18256  0.509981  
-0.512108  4.18365  0.509373  
-0.520343  4.18472  0.508765  
-0.528485  4.18577  0.508158  
-0.536533  4.1868  0.50755  
-0.544488  4.18782  0.506944  
-0.552349  4.18881  0.506338  
-0.560117  4.18978  0.505733  
-0.567791  4.19074  0.50513  
-0.575373  4.19167  0.504529  
-0.582861  4.19259  0.503929  
-0.590257  4.19349  0.503332  
-0.597559  4.19437  0.502736  
-0.60477  4.19524  0.502143  
-0.611888  4.19609  0.501553  
-0.618914  4.19692  0.500965  
-0.625848  4.19773  0.500381  
-0.632691  4.19853  0.499799  
-0.639442  4.19932  0.499221  
-0.646102  4.20009  0.498645  
-0.652672  4.20084  0.498074  
-0.659151  4.20158  0.497506  
-0.665541  4.2023  0.496941  
-0.671841  4.20301  0.496381  
-0.678051  4.20371  0.495824  
-0.684173  4.20439  0.495271  
-0.690206  4.20506  0.494723  
-0.696151  4.20572  0.494178  
-0.702009  4.20636  0.493638  
-0.707779  4.20699  0.493102  
-0.713463  4.20761  0.492571  
-0.719061  4.20822  0.492044  
-0.724573  4.20881  0.491521  
-0.73  4.20939  0.491003  
-0.735342  4.20996  0.49049  
-0.740599  4.21052  0.489981  
-0.745774  4.21107  0.489477  
-0.750865  4.21161  0.488978  
-0.755873  4.21214  0.488483  
-0.7608  4.21266  0.487994  
-0.765645  4.21316  0.487509  
-0.770409  4.21366  0.487028  
-0.775093  4.21415  0.486553  
-0.779697  4.21463  0.486083  
-0.784222  4.2151  0.485617  
-0.788669  4.21556  0.485156  
-0.793038  4.21601  0.4847  
-0.79733  4.21645  0.484249  
-0.801545  4.21689  0.483803  
-0.805684  4.21731  0.483362  
-0.809748  4.21773  0.482925  
-0.813738  4.21814  0.482494  
-0.817653  4.21854  0.482067  
-0.821495  4.21894  0.481645  
-0.825265  4.21932  0.481228  
-0.828962  4.2197  0.480816  
-0.832588  4.22008  0.480409  
-0.836144  4.22044  0.480006  
-0.839629  4.2208  0.479608  
-0.843046  4.22115  0.479215  
-0.846394  4.2215  0.478826  
-0.849674  4.22184  0.478443  
-0.852887  4.22217  0.478064  
-0.856033  4.22249  0.477689  
-0.859114  4.22282  0.477319  
-0.862129  4.22313  0.476954  
-0.86508  4.22344  0.476593  
-0.867968  4.22374  0.476237  
-0.870793  4.22404  0.475885  
-0.873555  4.22433  0.475538  
-0.876256  4.22462  0.475195  
-0.878896  4.2249  0.474856  
-0.881476  4.22518  0.474522  
-0.883997  4.22545  0.474192  
-0.886459  4.22571  0.473867  
-0.888863  4.22598  0.473546  
-0.89121  4.22623  0.473228  
-0.8935  4.22649  0.472915  
-0.895735  4.22673  0.472607  
-0.897914  4.22698  0.472302  
-0.900039  4.22722  0.472001  
-0.902111  4.22745  0.471704  
-0.88653  4.23353  0.464012  
-0.871569  4.23963  0.456528  
-0.857215  4.24575  0.449245  
-0.84346  4.25188  0.442157  
-0.830291  4.25801  0.435259  
-0.817698  4.26414  0.428542  
-0.805672  4.27026  0.422001  
-0.794201  4.27636  0.41563  
-0.783275  4.28244  0.409423  
-0.772884  4.28849  0.403372  
-0.763017  4.29451  0.397473  
-0.753665  4.3005  0.39172  
-0.744818  4.30646  0.386107  
-0.736466  4.31237  0.380628  
-0.728598  4.31824  0.375279  
-0.721205  4.32406  0.370053  
-0.714278  4.32984  0.364946  
-0.707807  4.33556  0.359953  
-0.701782  4.34123  0.35507  
-0.696193  4.34685  0.350291  
-0.691033  4.35241  0.345612  
-0.68629  4.35791  0.341029  
-0.681957  4.36335  0.336539  
-0.678024  4.36873  0.332136  
-0.674482  4.37405  0.327817  
-0.671323  4.37931  0.32358  
-0.668537  4.3845  0.319419  
-0.666116  4.38963  0.315332  
-0.664052  4.3947  0.311316  
-0.662335  4.3997  0.307367  
-0.660958  4.40463  0.303483  
-0.659913  4.4095  0.299661  
-0.65919  4.41431  0.295898  
-0.658783  4.41905  0.292192  
-0.658683  4.42372  0.28854  
-0.658883  4.42832  0.28494  
-0.659374  4.43286  0.28139  
-0.66015  4.43734  0.277888  
-0.661202  4.44174  0.274431  
-0.662524  4.44609  0.271019  
-0.664107  4.45036  0.267648  
-0.665945  4.45457  0.264318  
-0.668031  4.45872  0.261027  
-0.670358  4.4628  0.257774  
-0.672919  4.46682  0.254556  
-0.675707  4.47077  0.251373  
-0.678715  4.47465  0.248224  
-0.681937  4.47848  0.245107  
-0.685368  4.48224  0.242021  
-0.688999  4.48594  0.238965  
-0.692826  4.48957  0.235938  
-0.696841  4.49315  0.23294  
-0.70104  4.49666  0.229969  
-0.705415  4.50011  0.227024  
-0.709962  4.5035  0.224106  
-0.714675  4.50683  0.221212  
-0.719547  4.5101  0.218343  
-0.724575  4.51331  0.215498  
-0.729751  4.51646  0.212677  
-0.735071  4.51956  0.209878  
-0.74053  4.5226  0.207102  
-0.746122  4.52558  0.204348  
-0.751843  4.5285  0.201616  
-0.757687  4.53137  0.198904  
-0.76365  4.53418  0.196214  
-0.769728  4.53694  0.193544  
-0.775915  4.53964  0.190895  
-0.782206  4.54229  0.188266  
-0.788598  4.54489  0.185657  
-0.795087  4.54744  0.183067  
-0.801667  4.54993  0.180497  
-0.808334  4.55237  0.177946  
-0.815085  4.55477  0.175415  
-0.821916  4.55711  0.172903  
-0.828822  4.5594  0.170409  
-0.8358  4.56164  0.167935  
-0.842845  4.56384  0.16548  
-0.849955  4.56599  0.163043  
-0.857126  4.56809  0.160625  
-0.864353  4.57015  0.158226  
-0.871634  4.57215  0.155846  
-0.878964  4.57412  0.153484  
-0.886342  4.57604  0.151141  
-0.893763  4.57792  0.148817  
-0.901225  4.57975  0.146511  
-0.908723  4.58154  0.144224  
-0.916256  4.58329  0.141956  
-0.92382  4.585  0.139706  
-0.931412  4.58667  0.137475  
-0.93903  4.58829  0.135263  
-0.94667  4.58988  0.13307  
-0.954331  4.59143  0.130895  
-0.962008  4.59294  0.12874  
-0.9697  4.59442  0.126603  
-0.977404  4.59585  0.124485  
-0.985118  4.59725  0.122385  
-0.992839  4.59862  0.120305  
-1.00057  4.59995  0.118244  
-1.00829  4.60125  0.116201  
-1.01602  4.60251  0.114178  
-1.02375  4.60374  0.112174  
-1.03147  4.60493  0.110188  
-1.03919  4.6061  0.108222  
-1.0469  4.60723  0.106274  
-1.0546  4.60833  0.104346  
-1.06229  4.6094  0.102437  
-1.06996  4.61045  0.100546  
-1.07762  4.61146  0.0986751  
-1.08526  4.61244  0.0968228  
-1.09288  4.6134  0.0949894  
-1.10048  4.61433  0.0931751  
-1.10805  4.61523  0.0913797  
-1.11561  4.61611  0.0896032  
-1.12314  4.61696  0.0878456  
-1.13064  4.61779  0.0861069  
-1.13811  4.61859  0.0843869  
-1.14555  4.61936  0.0826858  
-1.15296  4.62012  0.0810034  
-1.16034  4.62085  0.0793397  
-1.16768  4.62156  0.0776946  
-1.17499  4.62224  0.076068  
-1.18227  4.62291  0.07446  
-1.1895  4.62355  0.0728704  
-1.1967  4.62417  0.0712991  
-1.20385  4.62477  0.0697462  
-1.21097  4.62536  0.0682114  
-1.21804  4.62592  0.0666948  
-1.22507  4.62647  0.0651962  
-1.23206  4.62699  0.0637156  
-1.239  4.6275  0.0622528  
-1.2459  4.62799  0.0608077  
-1.25275  4.62847  0.0593803  
-1.25955  4.62893  0.0579705  
-1.2663  4.62937  0.0565781  
-1.27301  4.6298  0.0552031  
-1.27967  4.63021  0.0538452  
-1.28627  4.63061  0.0525045  
-1.29283  4.63099  0.0511808  
-1.29933  4.63136  0.0498739  
-1.30578  4.63171  0.0485838  
-1.31218  4.63205  0.0473102  
-1.31853  4.63238  0.0460532  
-1.32482  4.6327  0.0448125  
-1.33105  4.633  0.0435881  
-1.33724  4.63329  0.0423798  
-1.34336  4.63357  0.0411874  
-1.34944  4.63384  0.0400108  
-1.35545  4.6341  0.0388499  
-1.36141  4.63434  0.0377045  
-1.36731  4.63458  0.0365746  
-1.37316  4.63481  0.0354599  
-1.37895  4.63502  0.0343603  
-1.38468  4.63523  0.0332756  
-1.39035  4.63543  0.0322058  
-1.39597  4.63562  0.0311507  
-1.40152  4.6358  0.03011  
-1.40702  4.63597  0.0290838  
-1.41246  4.63614  0.0280718  
-1.41784  4.63629  0.0270738  
-1.42316  4.63644  0.0260898  
-1.42843  4.63658  0.0251195  
-1.43363  4.63672  0.0241629  
-1.43878  4.63685  0.0232197  
-1.44386  4.63697  0.0222899  
-1.44889  4.63708  0.0213732  
-1.45385  4.63719  0.0204696  
-1.45876  4.63729  0.0195788  
-1.46361  4.63739  0.0187007  
-1.4684  4.63748  0.0178352  
-1.47313  4.63757  0.0169822  
-1.4778  4.63765  0.0161413  
-1.48241  4.63772  0.0153127  
-1.48697  4.63779  0.014496  
-1.49146  4.63786  0.0136911  
-1.4959  4.63792  0.0128979  
-1.50028  4.63798  0.0121162  
-1.5046  4.63803  0.0113459  
-1.50886  4.63808  0.0105868  
-1.51306  4.63813  0.00983888  
-1.5172  4.63817  0.00910188  
-1.52129  4.63821  0.00837569  
-1.52532  4.63824  0.00766017  
-1.5293  4.63827  0.00695518  
-1.53321  4.6383  0.00626057  
-1.53707  4.63832  0.00557622  
-1.54087  4.63834  0.00490198  
-1.54462  4.63836  0.00423773  
-1.54831  4.63838  0.00358331  
-1.55195  4.63839  0.0029386  
-1.55553  4.6384  0.00230347  
-1.55905  4.63841  0.00167778  
-1.56252  4.63842  0.00106141  
-1.56594  4.63842  0.000454223  
-1.5693  4.63843  -0.000143908  
-1.5726  4.63843  -0.000733107  
-1.57586  4.63842  -0.0013135  
-1.57906  4.63842  -0.00188522  
-1.58221  4.63841  -0.00244837  
-1.5853  4.63841  -0.00300309  
-1.58835  4.6384  -0.00354949  
-1.59134  4.63839  -0.00408769  
-1.59428  4.63838  -0.00461782  
-1.59717  4.63836  -0.00513998  
-1.60001  4.63835  -0.00565429  
-1.6028  4.63834  -0.00616086  
-1.60554  4.63832  -0.00665981  
-1.60824  4.6383  -0.00715125  
-1.61088  4.63828  -0.00763529  
-1.61347  4.63826  -0.00811203  
-1.61602  4.63824  -0.00858158  
-1.61852  4.63822  -0.00904405  
-1.62097  4.6382  -0.00949955  
-1.62337  4.63818  -0.00994817  
-1.62573  4.63815  -0.01039  
-1.62805  4.63813  -0.0108252  
-1.63031  4.6381  -0.0112538  
-1.63254  4.63808  -0.0116759  
-1.63471  4.63805  -0.0120916  
-1.63685  4.63803  -0.0125011  
-1.63894  4.638  -0.0129044  
-1.64098  4.63797  -0.0133015  
-1.64299  4.63794  -0.0136927  
-1.64495  4.63792  -0.0140779  
-1.64687  4.63789  -0.0144574  
-1.64875  4.63786  -0.014831  
-1.65059  4.63783  -0.0151991  
-1.65239  4.6378  -0.0155615  
-1.65414  4.63777  -0.0159185  
-1.65586  4.63774  -0.01627  
-1.65754  4.63771  -0.0166163  
-1.65918  4.63768  -0.0169573  
-1.66079  4.63765  -0.0172931  
-1.66235  4.63762  -0.0176239  
-1.66388  4.63759  -0.0179497  
-1.66537  4.63756  -0.0182705  
-1.66682  4.63753  -0.0185865  
-1.66824  4.6375  -0.0188977  
-1.66963  4.63747  -0.0192041  
-1.67098  4.63744  -0.019506  
-1.67214  4.63649  -0.0289325  
-1.67325  4.63555  -0.0382165  
-1.67431  4.63461  -0.0473603  
-1.67533  4.63368  -0.0563659  
-1.6763  4.63275  -0.0652355  
-1.67722  4.63182  -0.0739712  
-1.6781  4.63091  -0.0825751  
-1.67894  4.62999  -0.0910491  
-1.67973  4.62909  -0.0993952  
-1.68048  4.62819  -0.107616  
-1.68119  4.6273  -0.115712  
-1.68186  4.62642  -0.123686  
-1.68249  4.62555  -0.13154  
-1.68308  4.62468  -0.139276  
-1.68363  4.62382  -0.146895  
-1.68414  4.62297  -0.1544  
-1.68462  4.62214  -0.161791  
-1.68506  4.62131  -0.169072  
-1.68546  4.62048  -0.176242  
-1.68584  4.61967  -0.183305  
-1.68617  4.61887  -0.190262  
-1.68648  4.61808  -0.197114  
-1.68675  4.6173  -0.203863  
-1.68699  4.61653  -0.210511  
-1.6872  4.61576  -0.217059  
-1.68738  4.61501  -0.223508  
-1.68753  4.61427  -0.229861  
-1.68765  4.61354  -0.236118  
-1.68775  4.61282  -0.242282  
-1.68781  4.61211  -0.248353  
-1.68785  4.61141  -0.254333  
-1.68787  4.61072  -0.260223  
-1.68786  4.61004  -0.266025  
-1.68782  4.60937  -0.271739  
-1.68776  4.60871  -0.277369  
-1.68767  4.60806  -0.282913  
-1.68757  4.60742  -0.288375  
-1.68744  4.60679  -0.293755  
-1.68728  4.60617  -0.299054  
-1.68711  4.60557  -0.304274  
-1.68692  4.60497  -0.309416  
-1.6867  4.60438  -0.314481  
-1.68647  4.6038  -0.31947  
-1.68622  4.60323  -0.324384  
-1.68595  4.60267  -0.329225  
-1.68566  4.60212  -0.333994  
-1.68536  4.60158  -0.338691  
-1.68503  4.60105  -0.343318  
-1.68469  4.60053  -0.347875  
-1.68434  4.60002  -0.352365  
-1.68397  4.59952  -0.356787  
-1.68359  4.59903  -0.361143  
-1.68319  4.59854  -0.365434  
-1.68277  4.59807  -0.369661  
-1.68235  4.5976  -0.373825  
-1.68191  4.59714  -0.377927  
-1.68146  4.5967  -0.381967  
-1.68099  4.59626  -0.385947  
-1.68052  4.59582  -0.389867  
-1.68003  4.5954  -0.393729  
-1.67953  4.59498  -0.397533  
-1.67903  4.59458  -0.401281  
-1.67851  4.59418  -0.404972  
-1.67798  4.59379  -0.408608  
-1.67745  4.5934  -0.41219  
-1.6769  4.59303  -0.415719  
-1.67635  4.59266  -0.419194  
-1.67579  4.5923  -0.422618  
-1.67522  4.59194  -0.425991  
-1.67464  4.5916  -0.429313  
-1.67406  4.59126  -0.432586  
-1.67347  4.59093  -0.43581  
-1.67287  4.5906  -0.438986  
-1.67227  4.59028  -0.442114  
-1.67166  4.58997  -0.445195  
-1.67105  4.58966  -0.448231  
-1.67043  4.58936  -0.451221  
-1.66981  4.58907  -0.454167  
-1.66918  4.58878  -0.457068  
-1.66855  4.5885  -0.459927  
-1.66792  4.58823  -0.462742  
-1.66728  4.58796  -0.465516  
-1.66664  4.5877  -0.468248  
-1.666  4.58744  -0.470939  
-1.66535  4.58719  -0.473591  
-1.6647  4.58694  -0.476202  
-1.66405  4.5867  -0.478775  
-1.6634  4.58646  -0.481309  
-1.66274  4.58623  -0.483805  
-1.66209  4.58601  -0.486264  
-1.66143  4.58579  -0.488687  
-1.66077  4.58557  -0.491073  
-1.66011  4.58536  -0.493423  
-1.65945  4.58515  -0.495739  
-1.65879  4.58495  -0.498019  
-1.65813  4.58475  -0.500266  
-1.65747  4.58456  -0.502479  
-1.65681  4.58437  -0.504659  
-1.65615  4.58419  -0.506807  
-1.6555  4.58401  -0.508923  
-1.65484  4.58383  -0.511006  
-1.65418  4.58366  -0.513059  
-1.65353  4.58349  -0.515081  
-1.65287  4.58333  -0.517073  
-1.65222  4.58317  -0.519035  
-1.65157  4.58301  -0.520968  
-1.65092  4.58286  -0.522872  
-1.65027  4.58271  -0.524747  
-1.64963  4.58256  -0.526595  
-1.64899  4.58242  -0.528415  
-1.64835  4.58228  -0.530207  
-1.64771  4.58214  -0.531973  
-1.64708  4.58201  -0.533712  
-1.64644  4.58188  -0.535426  
-1.64581  4.58175  -0.537114  
-1.64519  4.58163  -0.538776  
-1.64457  4.58151  -0.540414  
-1.64395  4.58139  -0.542027  
-1.64333  4.58127  -0.543616  
-1.64272  4.58116  -0.545182  
-1.64211  4.58105  -0.546724  
-1.6415  4.58094  -0.548243  
-1.6409  4.58083  -0.549739  
-1.6403  4.58073  -0.551213  
-1.63971  4.58063  -0.552664  
-1.63912  4.58053  -0.554094  
-1.63853  4.58044  -0.555503  
-1.63795  4.58034  -0.556891  
-1.63737  4.58025  -0.558258  
-1.6368  4.58016  -0.559604  
-1.63623  4.58007  -0.56093  
-1.63566  4.57999  -0.562237  
-1.6351  4.57991  -0.563523  
-1.63455  4.57982  -0.564791  
-1.634  4.57975  -0.56604  
-1.63345  4.57967  -0.56727  
-1.63291  4.57959  -0.568481  
-1.63237  4.57952  -0.569675  
-1.63184  4.57945  -0.57085  
-1.63131  4.57938  -0.572008  
-1.63079  4.57931  -0.573149  
-1.63027  4.57924  -0.574272  
-1.62976  4.57917  -0.575379  
-1.62925  4.57911  -0.576469  
-1.62875  4.57905  -0.577543  
-1.62825  4.57899  -0.578601  
-1.62776  4.57893  -0.579643  
-1.62727  4.57887  -0.580669  
-1.62679  4.57881  -0.58168  
-1.62631  4.57876  -0.582676  
-1.62584  4.5787  -0.583657  
-1.62537  4.57865  -0.584623  
-1.62491  4.5786  -0.585575  
-1.62446  4.57855  -0.586513  
-1.624  4.5785  -0.587436  
-1.62356  4.57845  -0.588346  
-1.62312  4.5784  -0.589242  
-1.62268  4.57835  -0.590125  
-1.62225  4.57831  -0.590994  
-1.62182  4.57827  -0.59185  
-1.6214  4.57822  -0.592694  
-1.62099  4.57818  -0.593525  
-1.62058  4.57814  -0.594343  
-1.62017  4.5781  -0.59515  
-1.61978  4.57806  -0.595944  
-1.61938  4.57802  -0.596726  
-1.61899  4.57799  -0.597497  
-1.61861  4.57795  -0.598256  
-1.61823  4.57791  -0.599003  
-1.61785  4.57788  -0.59974  
-1.61749  4.57784  -0.600465  
-1.61712  4.57781  -0.601179  
-1.61676  4.57778  -0.601883  
-1.61641  4.57775  -0.602577  
-1.61606  4.57772  -0.603259  
-1.61572  4.57769  -0.603932  
-1.61538  4.57766  -0.604595  
-1.61505  4.57763  -0.605247  
-1.61472  4.5776  -0.60589  
-1.61439  4.57757  -0.606523  
-1.61408  4.57754  -0.607147  
-1.61376  4.57752  -0.607762  
-1.61345  4.57749  -0.608367  
-1.61315  4.57747  -0.608963  
-1.61285  4.57744  -0.60955  
-1.61256  4.57742  -0.610128  
-1.61227  4.57739  -0.610698  
-1.61198  4.57737  -0.611259  
-1.6117  4.57735  -0.611812  
-1.61143  4.57732  -0.612357  
-1.61115  4.5773  -0.612893  
-1.61089  4.57728  -0.613421  
-1.61063  4.57726  -0.613941  
-1.61037  4.57724  -0.614454  
-1.61012  4.57722  -0.614959  
-1.60987  4.5772  -0.615456  
-1.60962  4.57718  -0.615946  
-1.60938  4.57716  -0.616429  
-1.60915  4.57714  -0.616904  
-1.60892  4.57713  -0.617372  
-1.60869  4.57711  -0.617833  
-1.60847  4.57709  -0.618287  
-1.60825  4.57708  -0.618735  
-1.60803  4.57706  -0.619175  
-1.60782  4.57704  -0.61961  
-1.60762  4.57703  -0.620037  
-1.60742  4.57701  -0.620458  
-1.60722  4.577  -0.620873  
-1.60702  4.57698  -0.621282  
-1.60683  4.57697  -0.621684  
-1.60665  4.57695  -0.622081  
-1.60647  4.57694  -0.622471  
-1.60629  4.57693  -0.622856  
-1.60611  4.57691  -0.623235  
-1.60594  4.5769  -0.623608  
-1.60577  4.57689  -0.623976  
-1.60561  4.57687  -0.624338  
-1.60545  4.57686  -0.624695  
-1.60529  4.57685  -0.625046  
-1.60514  4.57684  -0.625392  
-1.60499  4.57682  -0.625733  
-1.60484  4.57681  -0.626069  
-1.6047  4.5768  -0.626399  
-1.60456  4.57679  -0.626725  
-1.60443  4.57678  -0.627046  
-1.60429  4.57677  -0.627362  
-1.60416  4.57676  -0.627674  
-1.60404  4.57675  -0.62798  
-1.60391  4.57674  -0.628282  
-1.60392  4.57614  -0.646256  
-1.60393  4.57556  -0.66396  
-1.60393  4.57498  -0.681399  
-1.60394  4.57441  -0.698575  
-1.60394  4.57385  -0.715495  
-1.60395  4.5733  -0.73216  
-1.60395  4.57275  -0.748576  
-1.60396  4.57221  -0.764745  
-1.60396  4.57169  -0.780672  
-1.60397  4.57117  -0.796359  
-1.60398  4.57065  -0.811812  
-1.60398  4.57015  -0.827033  
-1.60399  4.56965  -0.842025  
-1.60399  4.56916  -0.856792  
-1.60399  4.56868  -0.871338  
-1.604  4.5682  -0.885666  
-1.604  4.56773  -0.899779  
-1.60401  4.56727  -0.91368  
-1.60401  4.56682  -0.927373  
-1.60402  4.56637  -0.94086  
-1.60402  4.56593  -0.954145  
-1.60403  4.56549  -0.967231  
-1.60403  4.56506  -0.98012  
-1.60403  4.56464  -0.992816  
-1.60404  4.56422  -1.00532  
-1.60404  4.56381  -1.01764  
-1.60405  4.56341  -1.02977  
-1.60405  4.56301  -1.04172  
-1.60405  4.56262  -1.0535  
-1.60406  4.56224  -1.06509  
-1.60406  4.56186  -1.07651  
-1.60406  4.56148  -1.08776  
-1.60407  4.56111  -1.09884  
-1.60407  4.56075  -1.10976  
-1.60407  4.56039  -1.12051  
-1.60408  4.56004  -1.1311  
-1.60408  4.55969  -1.14153  
-1.60408  4.55935  -1.15181  
-1.60409  4.55901  -1.16193  
-1.60409  4.55868  -1.1719  
-1.60409  4.55835  -1.18172  
-1.6041  4.55803  -1.19139  
-1.6041  4.55771  -1.20092  
-1.6041  4.5574  -1.2103  
-1.6041  4.55709  -1.21954  
-1.60411  4.55679  -1.22865  
-1.60411  4.55649  -1.23762  
-1.60411  4.5562  -1.24645  
-1.60411  4.55591  -1.25515  
-1.60412  4.55562  -1.26372  
-1.60412  4.55534  -1.27216  
-1.60412  4.55506  -1.28048  
-1.60412  4.55479  -1.28867  
-1.60413  4.55452  -1.29674  
-1.60413  4.55426  -1.30468  
-1.60413  4.55399  -1.31251  
-1.60413  4.55374  -1.32022  
-1.60413  4.55348  -1.32782  
-1.60413  4.55323  -1.3353  
-1.60414  4.55299  -1.34266  
-1.60414  4.55275  -1.34992  
-1.60414  4.55251  -1.35707  
-1.60414  4.55227  -1.36411  
-1.60414  4.55204  -1.37105  
-1.60414  4.55181  -1.37788  
-1.60415  4.55159  -1.38461  
-1.60415  4.55137  -1.39124  
-1.60415  4.55115  -1.39777  
-1.60415  4.55094  -1.4042  
-1.60415  4.55072  -1.41053  
-1.60415  4.55052  -1.41677  
-1.60415  4.55031  -1.42292  
-1.60416  4.55011  -1.42897  
-1.60416  4.54991  -1.43494  
-1.60416  4.54971  -1.44081  
-1.60416  4.54952  -1.4466  
-1.60416  4.54933  -1.4523  
-1.60416  4.54914  -1.45791  
-1.60416  4.54896  -1.46344  
-1.60416  4.54878  -1.46888  
-1.60416  4.5486  -1.47425  
-1.60416  4.54842  -1.47953  
-1.60417  4.54825  -1.48474  
-1.60417  4.54808  -1.48986  
-1.60417  4.54791  -1.49491  
-1.60417  4.54774  -1.49989  
-1.60417  4.54758  -1.50479  
-1.60417  4.54742  -1.50961  
-1.60417  4.54726  -1.51437  
-1.60417  4.5471  -1.51905  
-1.60417  4.54695  -1.52366  
-1.60417  4.5468  -1.52821  
-1.60417  4.54665  -1.53268  
-1.60417  4.5465  -1.53709  
-1.60417  4.54636  -1.54143  
-1.60417  4.54621  -1.54571  
-1.60417  4.54607  -1.54992  
-1.60417  4.54593  -1.55407  
-1.60417  4.5458  -1.55815  
-1.60417  4.54566  -1.56218  
-1.60417  4.54553  -1.56614  
-1.60418  4.5454  -1.57005  
-1.60418  4.54527  -1.5739  
-1.60418  4.54514  -1.57769  
-1.60418  4.54502  -1.58142  
-1.60418  4.5449  -1.58509  
-1.60418  4.54478  -1.58872  
-1.60418  4.54466  -1.59228  
-1.60418  4.54454  -1.5958  
-1.60418  4.54442  -1.59926  
-1.60418  4.54431  -1.60267  
-1.60418  4.5442  -1.60602  
-1.60418  4.54409  -1.60933  
-1.60418  4.54398  -1.61259  
-1.60418  4.54387  -1.6158  
-1.60418  4.54377  -1.61896  
-1.60418  4.54366  -1.62207  
-1.60418  4.54356  -1.62514  
-1.60418  4.54346  -1.62816  
-1.60418  4.54336  -1.63114  
-1.60418  4.54326  -1.63407  
-1.60418  4.54317  -1.63695  
-1.60418  4.54307  -1.6398  
-1.60418  4.54298  -1.6426  
-1.60418  4.54289  -1.64536  
-1.60418  4.54279  -1.64807  
-1.60418  4.54271  -1.65075  
-1.60418  4.54262  -1.65339  
-1.60417  4.54253  -1.65598  
-1.60417  4.54245  -1.65854  
-1.60417  4.54236  -1.66106  
-1.60417  4.54228  -1.66354  
-1.60417  4.5422  -1.66599  
-1.60417  4.54212  -1.6684  
-1.60417  4.54204  -1.67077  
-1.60417  4.54196  -1.6731  
-1.60417  4.54188  -1.67541  
-1.60417  4.54181  -1.67767  
-1.60417  4.54173  -1.67991  
-1.60417  4.54166  -1.6821  
-1.60417  4.54159  -1.68427  
-1.60417  4.54151  -1.6864  
-1.60417  4.54144  -1.68851  
-1.60417  4.54138  -1.69058  
-1.60417  4.54131  -1.69262  
-1.60417  4.54124  -1.69462  
-1.60417  4.54117  -1.6966  
-1.60417  4.54111  -1.69855  
-1.60417  4.54105  -1.70047  
-1.60417  4.54098  -1.70236  
-1.60417  4.54092  -1.70422  
-1.60417  4.54086  -1.70606  
-1.60417  4.5408  -1.70787  
-1.60417  4.54074  -1.70965  
-1.60417  4.54068  -1.7114  
-1.60417  4.54062  -1.71312  
-1.60417  4.54057  -1.71483  
-1.60416  4.54051  -1.7165  
-1.60416  4.54045  -1.71815  
-1.60416  4.5404  -1.71978  
-1.60416  4.54035  -1.72138  
-1.60416  4.54029  -1.72296  
-1.60416  4.54024  -1.72451  
-1.60416  4.54019  -1.72604  
-1.60416  4.54014  -1.72755  
-1.60416  4.54009  -1.72903  
-1.60416  4.54004  -1.73049  
-1.60416  4.53999  -1.73193  
-1.60416  4.53995  -1.73335  
-1.60416  4.5399  -1.73475  
-1.60416  4.53985  -1.73613  
-1.60416  4.53981  -1.73748  
-1.60416  4.53977  -1.73882  
-1.60416  4.53972  -1.74013  
-1.60416  4.53968  -1.74143  
-1.60416  4.53964  -1.74271  
-1.60416  4.53959  -1.74396  
-1.60416  4.53955  -1.7452  
-1.60416  4.53951  -1.74642  
-1.60415  4.53947  -1.74762  
-1.60415  4.53943  -1.74881  
-1.60415  4.53939  -1.74997  
-1.60415  4.53935  -1.75112  
-1.60415  4.53932  -1.75225  
-1.60415  4.53928  -1.75336  
-1.60415  4.53924  -1.75446  
-1.60415  4.53921  -1.75554  
-1.60415  4.53917  -1.75661  
-1.60415  4.53914  -1.75766  
-1.60415  4.5391  -1.75869  
-1.60415  4.53907  -1.75971  
-1.60415  4.53903  -1.76071  
-1.60415  4.539  -1.7617  
-1.60415  4.53897  -1.76267  
-1.60415  4.53894  -1.76363  
-1.60415  4.53891  -1.76457  
-1.60415  4.53887  -1.7655  
-1.60415  4.53884  -1.76641  
-1.60415  4.53881  -1.76732  
-1.60415  4.53878  -1.7682  
-1.60415  4.53876  -1.76908  
-1.60414  4.53873  -1.76994  
-1.60414  4.5387  -1.77079  
-1.60414  4.53867  -1.77162  
-1.60414  4.53864  -1.77245  
-1.60414  4.53862  -1.77326  
-1.60414  4.53859  -1.77406  
-1.60414  4.53856  -1.77485  
-1.60414  4.53854  -1.77562  
-1.60414  4.53851  -1.77638  
-1.60414  4.53849  -1.77714  
-1.60414  4.53846  -1.77788  
-1.60414  4.53844  -1.77861  
-1.60414  4.53841  -1.77933  
-1.60414  4.53839  -1.78003  
-1.60414  4.53837  -1.78073  
-1.60414  4.53834  -1.78142  
-1.60414  4.53832  -1.78209  
-1.60414  4.5383  -1.78276  
-1.60414  4.53828  -1.78342  
-1.60414  4.53826  -1.78406  
-1.60414  4.53823  -1.7847  
-1.60414  4.53821  -1.78533  
-1.60414  4.53819  -1.78595  
-1.60414  4.53817  -1.78655  
-1.60414  4.53815  -1.78715  
-1.60413  4.53813  -1.78774  
-1.60413  4.53811  -1.78833  
-1.60413  4.53809  -1.7889  
-1.60413  4.53808  -1.78946  
-1.60413  4.53806  -1.79002  
-1.60413  4.53804  -1.79057  
-1.60413  4.53802  -1.79111  
-1.60413  4.538  -1.79164  
-1.60413  4.53799  -1.79216  
-1.60413  4.53797  -1.79268  
-1.60413  4.53795  -1.79318  
-1.60413  4.53793  -1.79368  
-1.60413  4.53792  -1.79418  
-1.60413  4.5379  -1.79466  
-1.60413  4.53789  -1.79514  
-1.60413  4.53787  -1.79561  
-1.60413  4.53786  -1.79607  
-1.60413  4.53784  -1.79653  
-1.60413  4.53782  -1.79698  
-1.60413  4.53781  -1.79742  
-1.60413  4.5378  -1.79786  
-1.60413  4.53778  -1.79829  
-1.60413  4.53777  -1.79871  
-1.60413  4.53775  -1.79913  
-1.60413  4.53774  -1.79954  
-1.60413  4.53773  -1.79995  
-1.60413  4.53771  -1.80034  
-1.60413  4.5377  -1.80074  
-1.60413  4.53769  -1.80112  
-1.60413  4.53767  -1.8015  
-1.60413  4.53766  -1.80188  
-1.60413  4.53765  -1.80225  
-1.60413  4.53764  -1.80261  
-1.60412  4.53762  -1.80297  
-1.60412  4.53761  -1.80332  
-1.60412  4.5376  -1.80367  
-1.60412  4.53759  -1.80402  
-1.60412  4.53758  -1.80435  
-1.60412  4.53757  -1.80469  
-1.60412  4.53756  -1.80501  
-1.60412  4.53755  -1.80534  
-1.60412  4.53754  -1.80565  
-1.60412  4.53753  -1.80597  
-1.60412  4.53751  -1.80627  
-1.60412  4.5375  -1.80658  
