1.71892  21  -127  
1.71892  21  -127  
1.71982  21  -127  
1.71985  21  -127  
1.71985  21  -127  
1.71985  21  -127  
1.72014  21  -127  
1.71944  21  -127  
1.71944  21  -127  
1.71944  21  -127  
1.71871  21  -127  
1.72124  21  -127  
1.71938  21  -127  
1.71938  21  -127  
1.71938  21  -127  
1.71938  21  -127  
1.72042  21  -127  
1.71926  21  -127  
1.71926  21  -127  
1.71926  21  -127  
1.71926  21  -127  
1.71926  21  -127  
1.7203  21  -127  
1.7203  21  -127  
1.71948  21  -127  
1.71948  21  -127  
1.71948  21  -127  
1.72037  21  -127  
1.71912  21  -127  
1.71912  21  -127  
1.71912  21  -127  
1.71958  21  -127  
1.71936  21  -127  
1.71936  21  -127  
1.71935  21  -127  
1.71935  21  -127  
1.72072  21  -127  
1.72072  21  -127  
1.72072  21  -127  
1.72072  21  -127  
1.71899  21  -127  
1.71899  21  -127  
1.71923  21  -127  
1.72143  21  -127  
1.72143  21  -127  
1.72143  21  -127  
1.72018  21  -127  
1.71987  21  -127  
1.71987  21  -127  
1.71987  21  -127  
1.71987  21  -127  
1.71979  21  -127  
1.71979  21  -127  
1.71986  21  -127  
1.72129  21  -127  
1.72129  21  -127  
1.72129  21  -127  
1.72129  21  -127  
1.7197  21  -127  
1.7197  21  -127  
1.7197  21  -127  
1.71992  21  -127  
1.71992  21  -127  
1.71992  21  -127  
1.71992  21  -127  
1.71992  21  -127  
1.71992  21  -127  
1.71992  21  -127  
1.71992  21  -127  
1.71992  21  -127  
1.71094  21  -123  
1.71094  21  -123  
1.71094  21  -123  
1.71094  21  -123  
1.71632  21  -123  
1.72672  21  -123  
1.73714  21  -117  
1.73714  21  -117  
1.73714  20  -115  
1.73714  20  -115  
1.73714  20  -115  
1.73714  20  -115  
1.73714  20  -115  
1.73714  20  -115  
1.73714  20  -115  
1.73714  20  -115  
1.73714  20  -115  
1.73714  20  -115  
1.73714  20  -115  
1.73714  20  -115  
1.81403  20  -115  
1.81403  20  -115  
1.81403  16  -106  
1.83047  16  -106  
1.83047  16  -106  
1.83047  16  -106  
1.84769  16  -101  
1.86331  16  -101  
1.86331  16  -101  
1.86331  14  -95  
1.86331  14  -95  
1.90974  14  -95  
1.90974  10  -91  
1.96514  10  -91  
1.9806  10  -91  
1.9806  10  -91  
1.9806  7  -82  
2.01357  7  -82  
2.01357  7  -82  
2.01369  5  -78  
2.01369  5  -78  
2.03845  5  -78  
2.03845  5  -78  
2.06096  4  -75  
2.06096  4  -75  
2.06113  4  -75  
2.06113  3  -73  
2.06113  3  -73  
2.09548  3  -73  
2.11176  3  -73  
2.13706  -1  -69  
2.15832  -1  -69  
2.15832  -1  -69  
2.15848  -3  -66  
2.17705  -3  -66  
2.20055  -3  -66  
2.20055  -5  -63  
2.22647  -5  -63  
2.22647  -5  -63  
2.22647  -6  -62  
2.22647  -6  -62  
2.25784  -6  -62  
2.25784  -7  -61  
2.27639  -7  -61  
2.28923  -7  -61  
2.28923  -10  -58  
2.2969  -10  -58  
2.30714  -10  -58  
2.31167  -12  -56  
2.31167  -12  -56  
2.31182  -12  -55  
2.31182  -12  -55  
2.31485  -12  -55  
2.31485  -12  -55  
2.31598  -14  -53  
2.31598  -14  -53  
2.31903  -14  -53  
2.31393  -16  -52  
2.31393  -16  -52  
2.31343  -16  -52  
2.31343  -17  -50  
2.30961  -59  -42  
2.30961  -59  -42  
2.30961  -60  -41  
2.30316  -60  -41  
2.29117  -60  -41  
2.28403  -61  -40  
2.27175  -61  -40  
2.27175  -63  -39  
2.23866  -63  -39  
2.23866  -63  -39  
2.20259  -64  -38  
2.15007  -64  -38  
2.15007  -64  -38  
2.15007  -65  -35  
2.09465  -65  -35  
2.02775  -65  -35  
1.96499  -67  -33  
1.96499  -67  -33  
1.89403  -67  -33  
1.81946  -68  -30  
1.81946  -68  -30  
1.73827  -68  -30  
1.65884  -69  -28  
1.65884  -69  -28  
1.65884  -69  -28  
1.65884  -69  -26  
1.57967  -69  -26  
1.41665  -69  -26  
1.41665  -69  -25  
1.41665  -69  -25  
1.33944  -69  -25  
1.25875  -69  -21  
1.18105  -69  -21  
1.18105  -69  -21  
1.18105  -69  -21  
1.11342  -68  -19  
1.04697  -68  -19  
1.04697  -68  -19  
1.04697  -67  -16  
1.04697  -67  -16  
1.04697  -67  -16  
1.04697  -67  -16  
1.04697  -67  -16  
0.927896  -67  -16  
0.927896  -66  -14  
0.828263  -66  -14  
0.828263  -66  -14  
0.736596  -64  -12  
0.736596  -64  -12  
0.736596  -64  -12  
0.736596  -64  -12  
0.736596  -63  -11  
0.652216  -63  -11  
0.652216  -63  -11  
0.541813  -61  -9  
0.541813  -61  -9  
0.541813  -61  -9  
0.541813  -58  -7  
0.541813  -58  -7  
0.541352  -58  -7  
0.541352  -58  -7  
0.453644  -58  -7  
0.400254  -58  -7  
0.400254  -53  -5  
0.375251  -53  -5  
0.356486  -53  -5  
0.336165  -52  -5  
0.336165  -52  -5  
0.336165  -52  -5  
0.318244  -50  -4  
0.302899  -50  -4  
0.290494  -50  -4  
0.290494  -48  -3  
0.290494  -48  -3  
0.290494  -48  -3  
0.290494  -48  -3  
0.290494  -48  -3  
0.290494  -48  -3  
0.290494  -48  -3  
0.290494  -48  -3  
0.270178  -48  -3  
0.270178  -48  -3  
0.252444  -48  -3  
0.231182  -45  -2  
0.231182  -45  -2  
0.231182  -45  -2  
0.231182  -44  -2  
0.204566  -44  -2  
0.204566  -44  -2  
0.194934  -42  -1  
0.188305  -42  -1  
0.188305  -42  -1  
0.188305  -40  -1  
0.172381  -40  -1  
0.172381  -40  -1  
0.172381  -39  -1  
0.166501  -39  -1  
0.166501  -39  -1  
0.166501  -39  -1  
0.138085  -38  -1  
0.132271  -38  -1  
0.132271  -38  -1  
0.122432  -36  -2  
0.122432  -36  -2  
0.119406  -36  -2  
0.119406  -34  -2  
0.117565  -34  -2  
0.113674  -34  -2  
0.113674  -32  -1  
0.113674  -32  -1  
0.111836  -32  -1  
0.112652  -32  -1  
0.109689  -32  -1  
0.109689  -32  -1  
0.108463  -32  -1  
0.108463  -32  -1  
0.107945  -30  -1  
0.107945  -30  -1  
0.107945  -30  -1  
0.107945  -30  -1  
0.10651  -30  -1  
0.10651  -30  -1  
0.10376  -30  -1  
0.101436  -28  -1  
0.101436  -28  -1  
0.101436  -28  -1  
0.0972174  -28  -1  
0.0972174  -28  -1  
0.097615  -28  -1  
0.097615  -27  0  
0.0960504  -27  0  
0.0960504  -27  0  
0.0960504  -27  0  
0.0963384  -26  0  
0.0963384  -26  0  
0.0948384  -26  0  
0.0932704  -25  0  
0.0932704  -25  0  
0.0931457  -25  0  
0.0912458  -25  0  
0.0912458  -24  0  
0.0912458  -24  0  
0.0891302  -24  0  
0.0891302  -23  0  
0.0892373  -23  0  
0.0892373  -23  0  
0.0860062  -23  0  
0.0860062  -22  0  
0.0857988  -22  0  
0.0856479  -22  0  
0.0856479  -21  0  
0.0826572  -21  0  
0.0826351  -21  0  
0.0835694  -21  0  
0.0835694  -20  0  
0.0835694  -20  0  
0.0835694  -20  0  
0.0835694  -20  0  
0.0835694  -20  0  
0.0835694  -20  0  
0.0835694  -20  0  
0.0835694  -20  0  
0.0835694  -20  0  
0.0835694  -20  0  
0.0835694  -20  0  
0.0835694  -20  0  
0.0835694  -20  0  
0.0835694  -20  0  
0.0835694  -20  0  
0.0835694  -20  0  
0.0835694  -20  0  
0.0835694  -20  0  
0.0835694  -20  0  
0.0835694  -20  0  
0.0480885  -20  0  
0.0480885  -20  0  
0.0484944  -20  0  
0.0484837  -13  0  
0.0463436  -13  0  
0.047512  -13  0  
0.047512  -13  0  
0.047512  -13  0  
0.0448973  -13  0  
0.0453893  -98  32  
0.0453893  -97  32  
0.0453893  -97  32  
0.0442573  -97  32  
0.0422654  -97  32  
0.0422504  -97  32  
0.0433884  -97  32  
0.0433884  -96  32  
0.0432941  -96  32  
0.0438696  -96  32  
0.0438696  -95  32  
0.0406318  -95  32  
0.0406318  -95  32  
0.0344787  -93  32  
0.0344787  -93  32  
0.0344787  -93  32  
0.0288148  -93  32  
0.0288148  -90  32  
0.0288148  -90  32  
0.0172456  -90  32  
0.00298249  -87  33  
0.00298249  -87  33  
0.00298249  -87  33  
-0.00773615  -83  33  
-0.00773615  -83  33  
-0.00773615  -83  33  
-0.00773615  -81  33  
-0.0119611  -81  33  
-0.0523772  -81  33  
-0.0626102  -81  33  
-0.0626102  -72  32  
-0.0791761  -72  32  
-0.0791761  -70  32  
-0.108768  -70  32  
-0.108768  -70  32  
-0.108768  -70  32  
-0.108768  -69  32  
-0.108768  -69  32  
-0.134345  -69  32  
-0.225046  -62  31  
-0.225046  -62  31  
-0.260182  -62  31  
-0.260182  -60  30  
-0.298398  -60  30  
-0.344639  -60  30  
-0.383523  -60  30  
-0.383523  -56  29  
-0.383523  -56  29  
-0.383523  -56  29  
-0.383523  -56  29  
-0.471106  -56  29  
-0.471106  -56  29  
-0.502542  -56  29  
-0.502542  -56  29  
-0.502542  -52  26  
-0.56567  -52  26  
-0.56567  -52  26  
-0.590998  -52  26  
-0.618045  -49  24  
-0.635656  -49  24  
-0.635656  -49  24  
-0.635656  -48  23  
-0.662204  -48  23  
-0.662204  -48  23  
-0.669251  -48  23  
-0.672177  -45  21  
-0.672177  -45  21  
-0.672177  -45  21  
-0.68864  -45  21  
-0.68864  -43  20  
-0.694294  -43  20  
-0.694294  -43  20  
-0.694294  -42  18  
-0.696629  -42  18  
-0.701911  -42  18  
-0.703269  -42  18  
-0.703269  -40  17  
-0.703269  -40  17  
-0.705718  -40  17  
-0.704771  -40  16  
-0.707849  -40  16  
-0.707849  -40  16  
-0.707849  -40  16  
-0.704299  -39  15  
-0.705201  -39  15  
-0.705201  -39  15  
-0.702138  -39  15  
-0.697612  -37  13  
-0.697612  -37  13  
-0.697612  -37  13  
-0.695402  -37  13  
-0.694863  -37  13  
-0.689106  -37  13  
-0.689106  -37  13  
-0.684852  -37  13  
-0.684852  -35  11  
-0.683229  -35  11  
-0.683118  -35  11  
-0.683118  -33  10  
-0.678293  -33  10  
-0.672158  -33  10  
-0.672158  -33  10  
-0.672158  -32  9  
-0.672158  -32  9  
-0.665981  -32  9  
-0.665981  -32  9  
-0.658753  -31  8  
-0.658753  -31  8  
-0.658753  -31  8  
-0.652902  -31  8  
-0.651241  -30  7  
-0.651241  -30  7  
-0.651241  -30  7  
-0.651241  -55  1  
-0.649041  -54  0  
-0.643958  -54  0  
-0.643333  -54  0  
-0.638328  -54  0  
-0.638328  -52  -1  
-0.638328  -52  -1  
-0.638328  -52  -1  
-0.625537  -52  -1  
-0.613606  -51  -2  
-0.59261  -51  -2  
-0.59261  -51  -2  
-0.567729  -51  -2  
-0.567729  -49  -4  
-0.518225  -49  -4  
-0.488196  -49  -4  
-0.488196  -47  -5  
-0.457421  -47  -5  
-0.457421  -47  -5  
-0.428598  -47  -5  
-0.428598  -45  -5  
-0.398472  -45  -5  
-0.398472  -45  -5  
-0.376387  -43  -6  
-0.345919  -43  -6  
-0.345919  -43  -6  
-0.345919  -43  -6  
-0.318444  -42  -7  
-0.29208  -42  -7  
-0.270222  -42  -7  
-0.270222  -40  -8  
-0.270222  -40  -8  
-0.241322  -40  -8  
-0.220234  -39  -9  
-0.197869  -39  -9  
-0.197869  -39  -9  
-0.197869  -39  -9  
-0.197869  -37  -9  
-0.167946  -37  -9  
-0.147386  -37  -9  
-0.147386  -35  -9  
-0.147386  -35  -9  
-0.128695  -35  -9  
-0.128695  -34  -9  
-0.110877  -34  -9  
-0.110877  -34  -9  
-0.110877  -34  -9  
-0.070878  -33  -9  
-0.0545745  -33  -9  
-0.0545745  -33  -9  
-0.0545745  -31  -10  
-0.0545745  -31  -10  
-0.0151864  -31  -10  
0.00101673  -31  -10  
0.0175132  -29  -9  
0.0175132  -29  -9  
0.031167  -29  -9  
0.031167  -28  -9  
0.0467487  -28  -9  
0.0468804  -28  -9  
0.0622195  -28  -9  
0.0622195  -27  -9  
0.0812879  -27  -9  
0.0812879  -27  -9  
0.111128  -26  -9  
0.111142  -26  -9  
0.111142  -26  -9  
0.111142  -26  -9  
0.138133  -25  -9  
0.138133  -25  -9  
0.153204  -25  -9  
0.164301  -23  -9  
0.164301  -23  -9  
0.179652  -23  -9  
0.179652  -22  -9  
0.192401  -22  -9  
0.210645  -22  -9  
0.210843  -22  -9  
0.222829  -21  -8  
0.239049  -21  -8  
0.239049  -21  -8  
0.253999  -20  -8  
0.253999  -20  -8  
0.265978  -20  -8  
0.265978  -20  -8  
0.277974  -19  -8  
0.2914  -19  -8  
0.301648  -19  -8  
0.312956  -17  -7  
0.312956  -17  -7  
0.312967  -17  -7  
0.315692  -17  -7  
0.315692  -17  -7  
0.325849  -17  -7  
0.325849  -17  -7  
0.336925  -17  -7  
0.336925  -16  -7  
0.345339  -16  -7  
0.345339  -16  -7  
0.345339  -15  -7  
0.36695  -15  -7  
0.36695  -15  -7  
0.36695  -15  -7  
0.388526  -14  -6  
0.388526  -14  -6  
0.397163  -14  -6  
0.397163  -14  -6  
0.397163  -78  21  
0.397163  -78  21  
0.413882  -78  21  
0.413882  -78  21  
0.418995  -77  21  
0.427854  -77  21  
0.427854  -77  21  
0.427854  -77  22  
0.416662  -77  22  
0.416662  -77  22  
0.399314  -77  22  
0.399314  -74  23  
0.371375  -74  23  
0.335685  -74  23  
0.335685  -71  25  
0.301059  -71  25  
0.249902  -71  25  
0.198018  -71  25  
0.198018  -67  26  
0.15283  -67  26  
0.15283  -65  27  
0.096682  -65  27  
0.096682  -65  27  
0.036112  -63  27  
-0.0174348  -63  27  
-0.0174348  -63  27  
-0.0768314  -60  27  
-0.0768314  -60  27  
-0.133945  -60  27  
-0.133945  -60  27  
-0.230998  -57  27  
-0.230998  -57  27  
-0.230998  -57  27  
-0.230998  -54  27  
-0.230998  -54  27  
-0.314788  -54  27  
-0.351303  -52  26  
-0.351303  -52  26  
-0.387598  -52  26  
-0.420613  -52  26  
-0.420613  -49  24  
-0.448431  -49  24  
-0.448431  -49  24  
-0.471697  -49  24  
-0.49272  -47  24  
-0.49272  -47  24  
-0.49272  -47  24  
-0.49272  -47  24  
-0.512867  -46  23  
-0.548507  -46  23  
-0.548507  -46  23  
-0.559108  -43  22  
-0.571367  -43  22  
-0.571367  -43  22  
-0.571367  -43  22  
-0.582862  -42  21  
-0.592176  -42  21  
-0.592176  -42  21  
-0.592176  -42  21  
-0.601826  -40  20  
-0.601826  -40  20  
-0.624282  -40  20  
-0.630885  -40  20  
-0.630885  -39  19  
-0.637124  -39  19  
-0.637124  -39  19  
-0.644127  -39  19  
-0.649451  -37  17  
-0.649451  -37  17  
-0.651395  -37  17  
-0.651395  -36  17  
-0.653713  -36  17  
-0.653713  -36  17  
-0.653182  -36  17  
-0.653182  -35  16  
-0.654151  -35  16  
-0.654151  -35  16  
-0.654151  -35  16  
-0.6474  -34  15  
-0.6474  -34  15  
-0.6474  -34  15  
-0.6474  -34  15  
-0.638073  -33  14  
-0.638073  -33  14  
-0.638073  -33  14  
-0.636065  -33  14  
-0.632754  -31  13  
-0.632754  -31  13  
-0.631558  -31  13  
-0.631558  -31  13  
-0.629286  -30  12  
-0.629286  -30  12  
-0.625017  -30  12  
-0.625017  -30  12  
-0.625017  -29  11  
-0.625017  -29  11  
-0.623136  -29  11  
-0.618087  -29  11  
-0.614578  -28  11  
-0.614578  -28  11  
-0.611624  -28  11  
-0.611624  -28  11  
-0.611624  -26  10  
-0.60978  -26  10  
-0.609719  -26  10  
-0.609719  -26  9  
-0.609107  -26  9  
-0.605176  -26  9  
-0.605176  -26  9  
-0.602568  -25  8  
-0.599825  -25  8  
-0.599825  -25  8  
-0.595993  -24  8  
-0.595993  -24  8  
-0.595993  -24  8  
-0.594865  -24  8  
-0.594865  -23  8  
-0.589396  -23  8  
-0.589389  -23  8  
-0.589389  -23  8  
-0.589389  -22  7  
-0.584673  -22  7  
-0.58452  -22  7  
-0.58452  -22  6  
-0.582173  -22  6  
-0.582173  -22  6  
-0.577761  -22  6  
-0.575109  -21  6  
-0.575109  -21  6  
-0.573221  -21  6  
-0.573221  -21  6  
-0.570292  -20  5  
-0.570292  -20  5  
-0.567392  -20  5  
-0.563887  -19  5  
-0.563887  -19  5  
-0.562695  -19  5  
-0.559925  -19  5  
-0.559925  -18  4  
-0.559925  -18  4  
-0.555642  -18  4  
-0.555642  -18  4  
-0.555642  -17  4  
-0.558808  -17  4  
-0.558808  -17  4  
-0.557737  -17  3  
-0.555084  -17  3  
-0.54897  -17  3  
-0.54897  -17  3  
-0.547398  -16  2  
-0.547398  -16  2  
-0.547398  -16  2  
-0.546047  -16  2  
-0.543391  -16  2  
-0.543391  -16  2  
-0.539609  -16  2  
-0.537519  -15  1  
-0.537519  -15  1  
-0.535988  -15  1  
-0.535465  -15  1  
-0.535465  -15  1  
-0.53428  -15  1  
-0.53428  -14  1  
-0.532126  -14  1  
-0.529867  -14  1  
-0.529867  -14  1  
-0.529867  -14  0  
-0.528042  -14  0  
-0.528042  -14  0  
-0.528042  -13  0  
-0.525093  -13  0  
-0.523917  -13  0  
-0.523917  -13  0  
-0.519689  -13  0  
-0.519689  -13  0  
-0.519685  -13  0  
-0.514945  -12  -1  
-0.514908  -12  -1  
-0.508628  -12  -1  
-0.508628  -12  -1  
-0.502995  -12  -1  
-0.502995  -12  -1  
-0.491673  -12  -1  
-0.491673  -12  -1  
-0.464364  -12  -1  
-0.464364  -11  -2  
-0.450621  -11  -2  
-0.44289  -11  -2  
-0.44289  -11  -2  
-0.44289  -11  -2  
-0.44289  -11  -2  
-0.44289  -11  -2  
-0.419864  -11  -2  
-0.419864  -11  -2  
-0.415527  -11  -2  
-0.415527  -11  -2  
-0.40529  -11  -2  
-0.384469  -11  -2  
-0.384469  -11  -2  
-0.37094  -11  -2  
-0.37094  -11  -2  
-0.354868  -11  -2  
-0.354868  -10  -2  
-0.340027  -10  -2  
-0.32509  -10  -2  
-0.32509  -10  -2  
-0.32509  -10  -2  
-0.314439  -10  -2  
-0.298448  -10  -2  
-0.298448  -10  -2  
-0.298448  -10  -2  
-0.290509  -10  -2  
-0.290509  -10  -2  
-0.28156  -10  -2  
-0.28156  -10  -2  
-0.262087  -10  -2  
-0.251554  -10  -2  
-0.251554  -10  -2  
-0.251554  -9  -2  
-0.251554  -9  -2  
-0.235406  -9  -2  
-0.235406  -9  -2  
-0.220423  -10  -3  
-0.209146  -10  -3  
-0.209146  -10  -3  
-0.209146  -9  -3  
-0.207868  -9  -3  
-0.199923  -9  -3  
-0.196755  -9  -3  
-0.196755  -9  -3  
-0.195182  -9  -3  
-0.19517  -9  -3  
-0.190519  -9  -3  
-0.190519  -9  -3  
-0.190519  -9  -3  
-0.185508  -9  -3  
-0.185508  -9  -3  
-0.185508  -9  -3  
-0.185508  -9  -3  
-0.183242  -9  -3  
-0.177762  -9  -3  
-0.177762  -9  -3  
-0.171871  -9  -3  
-0.168333  -9  -3  
-0.168333  -9  -3  
-0.168333  -9  -3  
-0.165407  -9  -3  
-0.165407  -9  -3  
-0.165407  -9  -3  
-0.155082  -9  -3  
-0.155082  -9  -3  
-0.155082  -9  -3  
-0.150368  -9  -3  
-0.150368  -9  -3  
-0.150368  -9  -3  
-0.142241  -9  -3  
-0.138588  -9  -3  
-0.138588  -9  -3  
-0.138588  -9  -3  
-0.134979  -9  -3  
-0.134979  -9  -3  
-0.134979  -9  -3  
-0.134979  -9  -3  
-0.127019  -9  -3  
-0.120531  -9  -3  
-0.120531  -9  -3  
-0.117861  -9  -3  
-0.117861  -9  -3  
-0.117861  -9  -3  
-0.117861  -9  -3  
-0.116383  -9  -3  
-0.112537  -9  -3  
-0.112537  -9  -3  
-0.112924  -9  -3  
-0.112924  -9  -3  
-0.112924  -9  -3  
-0.112924  -9  -3  
-0.112312  -9  -3  
-0.112312  -9  -3  
-0.112394  -9  -3  
-0.112394  -9  -3  
-0.112394  -9  -3  
-0.112753  -9  -3  
-0.112753  -9  -3  
-0.111878  -9  -3  
-0.112263  -9  -3  
-0.112617  -9  -3  
-0.112588  -9  -3  
-0.112588  -9  -3  
-0.112588  -9  -3  
-0.111649  -9  -3  
-0.112711  -9  -3  
-0.112963  -9  -3  
-0.112963  -9  -3  
-0.113262  -9  -3  
-0.113262  -9  -3  
-0.111532  -9  -3  
-0.111532  -9  -3  
-0.112168  -9  -3  
-0.112168  -9  -3  
-0.111365  -9  -3  
-0.111365  -9  -3  
-0.111365  -9  -3  
-0.111666  -9  -3  
-0.111666  -9  -3  
-0.111666  -9  -3  
-0.112945  -9  -3  
-0.112945  -9  -3  
-0.112945  -9  -3  
-0.112197  -9  -3  
-0.112197  -9  -3  
-0.112197  -9  -3  
-0.112404  -9  -3  
-0.112404  -9  -3  
-0.112404  -9  -3  
-0.112404  -9  -3  
-0.111735  -9  -3  
-0.111735  -9  -3  
-0.111735  -9  -3  
-0.111735  -9  -3  
-0.111735  -9  -3  
-0.111098  -9  -3  
-0.111098  -9  -3  
-0.112027  -9  -3  
-0.112027  -9  -3  
-0.112027  -9  -3  
-0.112027  -9  -3  
-0.111541  -9  -3  
-0.111541  -9  -3  
-0.111541  -9  -3  
-0.111541  -9  -3  
-0.111599  -9  -3  
-0.111296  -9  -3  
-0.111296  -9  -3  
-0.111296  -9  -3  
-0.111296  -9  -3  
-0.111296  -9  -3  
-0.111296  -9  -3  
-0.111296  -9  -3  
-0.111613  -9  -3  
-0.111462  -9  -3  
-0.110083  -9  -3  
-0.110083  -9  -3  
-0.110083  -9  -3  
-0.110083  -9  -3  
-0.11046  -9  -3  
-0.11046  -9  -3  
-0.108487  -9  -3  
-0.108487  -9  -3  
-0.108487  -9  -3  
-0.108487  -9  -3  
-0.108487  -9  -3  
-0.108487  -9  -3  
-0.108487  -9  -3  
-0.108574  -9  -3  
-0.108574  -9  -3  
-0.108574  -9  -3  
-0.108574  -9  -3  
-0.108574  -9  -3  
-0.108574  -9  -3  
-0.107556  -9  -3  
-0.106538  -9  -3  
-0.106536  -9  -3  
-0.106536  -9  -3  
-0.106536  -9  -3  
-0.10618  -9  -3  
-0.10618  -9  -3  
-0.106828  -9  -3  
-0.106828  -9  -3  
-0.106828  -9  -3  
-0.107082  -9  -3  
-0.107082  -9  -3  
-0.107082  -9  -3  
-0.106632  -9  -3  
-0.106632  -9  -3  
-0.106632  -9  -3  
-0.106936  -9  -3  
-0.106936  -9  -3  
-0.106966  -9  -3  
-0.106966  -9  -3  
-0.106966  -9  -3  
-0.105387  -9  -3  
-0.105387  -9  -3  
-0.105387  -9  -3  
-0.106657  -9  -3  
-0.107021  -9  -3  
-0.107021  -9  -3  
-0.106837  -9  -3  
-0.10672  -9  -3  
-0.10672  -9  -3  
-0.10672  -9  -3  
-0.10611  -9  -3  
-0.106258  -9  -3  
-0.106258  -9  -3  
-0.106258  -9  -3  
-0.106258  -9  -3  
-0.106043  -9  -3  
-0.106043  -9  -3  
-0.106043  -9  -3  
-0.106043  -9  -3  
-0.106043  -9  -3  
-0.106043  -9  -3  
-0.106043  -9  -3  
-0.105682  -9  -3  
-0.105682  -9  -3  
-0.105682  -9  -3  
-0.105682  -9  -3  
-0.104729  -9  -3  
-0.103463  -9  -3  
-0.104331  -9  -3  
-0.104331  -9  -3  
-0.104331  -9  -3  
-0.103605  -9  -3  
-0.103439  -9  -3  
-0.103444  -9  -3  
-0.103444  -9  -3  
-0.103444  -9  -3  
-0.103846  -9  -3  
-0.103846  -9  -3  
-0.103846  -9  -3  
-0.103239  -9  -3  
-0.103239  -9  -3  
-0.104505  -9  -3  
-0.104528  -9  -3  
-0.104528  -9  -3  
-0.104528  -9  -3  
-0.104528  -9  -3  
-0.103175  -9  -3  
-0.103175  -9  -3  
-0.1036  -9  -3  
-0.104075  -9  -3  
-0.104075  -9  -3  
-0.104104  -9  -3  
-0.104104  -9  -3  
-0.103946  -9  -3  
-0.103946  -9  -3  
-0.102171  -9  -3  
-0.104226  -9  -3  
-0.104226  -9  -3  
-0.104013  -9  -3  
-0.103065  -9  -3  
-0.103065  -9  -3  
-0.10183  -9  -3  
-0.102889  -9  -3  
-0.103776  -9  -3  
-0.103776  -9  -3  
-0.10397  -9  -3  
-0.10397  -9  -3  
-0.102475  -9  -3  
-0.102475  -9  -3  
-0.101489  -9  -3  
-0.101489  -9  -3  
-0.103359  -9  -3  
-0.103026  -9  -3  
-0.102717  -9  -3  
-0.102717  -9  -3  
-0.104078  -9  -3  
-0.103966  -9  -3  
-0.103966  -9  -3  
-0.103181  -9  -3  
-0.103181  -9  -3  
-0.102251  -9  -3  
-0.102188  -9  -3  
-0.103424  -9  -3  
-0.103424  -9  -3  
-0.103424  -9  -3  
-0.102752  -9  -3  
-0.102471  -9  -3  
-0.102471  -9  -3  
-0.102479  -9  -3  
-0.103333  -9  -3  
-0.103333  -9  -3  
-0.103333  -9  -3  
-0.102731  -9  -3  
-0.102731  -9  -3  
-0.103352  -9  -3  
-0.101615  -9  -3  
-0.101615  -9  -3  
-0.0997078  -9  -3  
-0.0989503  -9  -3  
-0.0989503  -9  -3  
-0.0992045  -9  -3  
-0.0981044  -9  -3  
-0.0981044  -9  -3  
-0.0981044  -9  -3  
-0.0981044  -9  -3  
-0.0987104  -9  -3  
-0.0987104  -9  -3  
-0.0987104  -9  -3  
-0.0979671  -9  -3  
-0.0979671  -9  -3  
-0.0979671  -9  -3  
-0.0989244  -9  -3  
-0.0985671  -9  -3  
-0.0985671  -9  -3  
-0.0985671  -9  -3  
-0.0985671  -9  -3  
-0.098519  -9  -3  
-0.098519  -9  -3  
-0.098519  -9  -3  
-0.0982669  -9  -3  
-0.0982669  -9  -3  
-0.0980657  -9  -3  
-0.0994115  -9  -3  
-0.097571  -9  -3  
-0.097571  -9  -3  
-0.0983418  -9  -3  
-0.0980831  -9  -3  
-0.0980831  -9  -3  
-0.0980831  -9  -3  
-0.0987671  -9  -3  
-0.0987671  -9  -3  
-0.0987671  -9  -3  
-0.0987671  -9  -3  
-0.098772  -9  -3  
-0.098772  -9  -3  
-0.0974803  -9  -3  
-0.0974803  -9  -3  
-0.0973312  -9  -3  
-0.0972379  -9  -3  
-0.0972379  -9  -3  
-0.0972379  -9  -3  
-0.0971331  -9  -3  
