1.59042  -11  -123  
1.58946  -10  -123  
1.58946  -10  -123  
1.58946  -10  -123  
1.58946  -10  -123  
1.58952  -10  -123  
1.58952  -10  -123  
1.58889  -10  -123  
1.58889  -10  -123  
1.58889  -10  -123  
1.58965  -10  -123  
1.58965  -10  -123  
1.5899  -10  -123  
1.58956  -10  -123  
1.5893  -10  -123  
1.5893  -10  -123  
1.5893  -10  -123  
1.58982  -10  -123  
1.58982  -10  -123  
1.58982  -10  -123  
1.58954  -10  -123  
1.58954  -10  -123  
1.58954  -10  -123  
1.589  -10  -123  
1.589  -10  -123  
1.589  -10  -123  
1.589  -10  -123  
1.58903  -10  -123  
1.58903  -10  -123  
1.58903  -10  -123  
1.58931  -10  -123  
1.58812  -10  -123  
1.58812  -11  -123  
1.58806  -11  -123  
1.58806  -11  -123  
1.58859  -11  -123  
1.58859  -11  -123  
1.58859  -10  -123  
1.58862  -10  -123  
1.58862  -10  -123  
1.58958  -10  -123  
1.58804  -10  -123  
1.58804  -10  -123  
1.58804  -11  -123  
1.58972  -11  -123  
1.58878  -10  -123  
1.58878  -10  -123  
1.58878  -10  -123  
1.58878  -10  -123  
1.58932  -10  -123  
1.58806  -10  -123  
1.58818  -10  -123  
1.58818  -10  -123  
1.58825  -10  -123  
1.58825  -10  -123  
1.58947  -10  -123  
1.58931  -10  -123  
1.58931  -10  -123  
1.58931  -10  -123  
1.58855  -10  -123  
1.58855  -10  -123  
1.58917  -10  -123  
1.58917  -10  -123  
1.58917  -10  -123  
1.58917  -10  -123  
1.58917  -10  -123  
1.58925  -10  -123  
1.58925  -10  -123  
1.58912  -10  -123  
1.58892  -10  -123  
1.58862  -10  -123  
1.58862  -10  -123  
1.58911  -10  -123  
1.58911  -10  -123  
1.58919  -10  -123  
1.58921  -10  -123  
1.59009  -10  -123  
1.59009  -10  -123  
1.59009  -10  -123  
1.5894  -10  -123  
1.5894  -10  -123  
1.58866  -10  -123  
1.58998  -10  -123  
1.58921  -10  -123  
1.58921  -10  -123  
1.58921  -10  -123  
1.5891  -10  -123  
1.5891  -10  -123  
1.5891  -10  -123  
1.58825  -10  -123  
1.58825  -10  -123  
1.58953  -10  -123  
1.58953  -10  -123  
1.58997  -10  -123  
1.58866  -10  -123  
1.58818  -10  -123  
1.58818  -11  -123  
1.58817  -11  -123  
1.58883  -11  -123  
1.58883  -10  -123  
1.58774  -10  -123  
1.58774  -10  -123  
1.58774  -11  -123  
1.58774  -11  -123  
1.5882  -11  -123  
1.58971  -11  -123  
1.58769  -11  -123  
1.58769  -11  -123  
1.58878  -11  -123  
1.58878  -10  -123  
1.58878  -10  -123  
1.58878  -10  -123  
1.58976  -10  -123  
1.58976  -10  -123  
1.58976  -10  -123  
1.58891  -10  -123  
1.58891  -11  -123  
1.58874  -11  -123  
1.58874  -11  -123  
1.58929  -11  -123  
1.58929  -10  -123  
1.58929  -10  -123  
1.58929  -10  -123  
1.58954  -10  -123  
1.58806  -10  -123  
1.58806  -11  -123  
1.5886  -11  -123  
1.5886  -11  -123  
1.5886  -10  -123  
1.5886  -10  -123  
1.58781  -10  -123  
1.58781  -11  -123  
1.58914  -11  -123  
1.58914  -11  -123  
1.58855  -10  -123  
1.58855  -10  -123  
1.58855  -10  -123  
1.58855  -10  -123  
1.58855  -10  -123  
1.58866  -10  -123  
1.58866  -10  -123  
1.58897  -10  -123  
1.58897  -10  -123  
1.58897  -10  -123  
1.58768  -10  -123  
1.58768  -10  -123  
1.5895  -10  -123  
1.5895  -10  -123  
1.5895  -10  -123  
1.58883  -10  -123  
1.58883  -10  -123  
1.58883  -10  -123  
1.5896  -10  -123  
1.5896  -10  -123  
1.5896  -10  -123  
1.58886  -10  -123  
1.58886  -10  -123  
1.58886  -10  -123  
1.58948  -10  -123  
1.58948  -10  -123  
1.58914  -10  -123  
1.58914  -10  -123  
1.58954  -10  -123  
1.58954  -10  -123  
1.58954  -10  -123  
1.58928  -10  -123  
1.58901  -10  -123  
1.58883  -10  -123  
1.58883  -10  -123  
1.58883  -10  -123  
1.58883  -10  -123  
1.58961  -10  -123  
1.58961  -10  -123  
1.58878  -10  -123  
1.58878  -10  -123  
1.58878  -10  -123  
1.59189  -10  -123  
1.59189  -10  -123  
1.59918  -10  -123  
1.60952  -11  -122  
1.62172  -11  -122  
1.62172  -11  -122  
1.63257  -11  -120  
1.63257  -11  -120  
1.64597  -11  -120  
1.64597  -11  -117  
1.65964  -11  -117  
1.65964  -11  -116  
1.67931  -11  -116  
1.67931  -11  -116  
1.67931  -11  -112  
1.67931  -11  -112  
1.67931  -11  -112  
1.67931  -11  -112  
1.67931  -11  -112  
1.72221  -11  -112  
1.72221  -11  -112  
1.73033  -12  -104  
1.73033  -12  -104  
1.73033  -12  -104  
1.73033  -12  -102  
1.73033  -12  -102  
1.74442  -12  -102  
1.74442  -13  -99  
1.74442  -13  -99  
1.74442  -13  -99  
1.74442  -13  -99  
1.76604  -13  -99  
1.76604  -13  -99  
1.76452  -15  -92  
1.76452  -15  -92  
1.76452  -15  -92  
1.76452  -15  -90  
1.78909  -15  -90  
1.81726  -15  -90  
1.81726  -17  -81  
1.82899  -17  -81  
1.82899  -17  -81  
1.82899  -18  -79  
1.82899  -18  -79  
1.82899  -18  -79  
1.82899  -18  -79  
1.82899  -18  -79  
1.82899  -18  -79  
1.82899  -18  -79  
1.82899  -18  -79  
1.82899  -18  -79  
1.82899  -18  -79  
1.82899  -18  -79  
1.82899  -18  -79  
1.82899  -18  -79  
1.83516  -18  -79  
1.87378  -18  -79  
1.87378  -20  -73  
1.8995  -20  -73  
1.8995  -20  -73  
1.94792  -21  -70  
1.94792  -21  -70  
1.94792  -21  -70  
1.94792  -23  -65  
1.96246  -23  -65  
1.99225  -23  -65  
1.99225  -24  -64  
1.99225  -24  -64  
1.99225  -25  -61  
2.0483  -25  -61  
2.05402  -25  -61  
2.05736  -31  -51  
2.05736  -31  -51  
2.05736  -31  -51  
2.06396  -32  -48  
2.06396  -74  -40  
2.06396  -74  -40  
2.06396  -74  -40  
2.06195  -74  -40  
2.05271  -74  -40  
2.05271  -77  -36  
2.05271  -77  -36  
2.05271  -77  -36  
1.99295  -78  -34  
1.99295  -78  -34  
1.99295  -78  -34  
1.89951  -78  -34  
1.89951  -78  -34  
1.84081  -78  -34  
1.84081  -78  -34  
1.78281  -79  -30  
1.71662  -79  -30  
1.64788  -80  -27  
1.64788  -80  -27  
1.64788  -80  -27  
1.50312  -80  -25  
1.50312  -80  -25  
1.42577  -80  -25  
1.42577  -80  -21  
1.351  -80  -21  
1.27013  -80  -21  
1.27013  -80  -18  
1.27013  -80  -18  
1.27013  -80  -18  
1.18842  -80  -18  
1.18842  -80  -16  
1.18842  -80  -16  
0.895393  -79  -14  
0.895393  -79  -14  
0.895393  -79  -14  
0.895393  -77  -11  
0.773526  -77  -11  
0.773526  -77  -11  
0.773526  -75  -9  
0.773526  -75  -9  
0.6083  -75  -9  
0.6083  -75  -9  
0.6083  -71  -6  
0.6083  -71  -6  
0.6083  -71  -6  
0.6083  -71  -6  
0.52075  -71  -6  
0.450289  -71  -6  
0.450289  -66  -3  
0.450289  -66  -3  
0.416768  -66  -3  
0.416768  -65  -3  
0.416768  -65  -3  
0.416768  -65  -3  
0.416768  -65  -3  
0.382698  -65  -3  
0.268622  -65  -3  
0.268622  -59  -1  
0.268622  -59  -1  
0.243798  -59  -1  
0.243798  -58  0  
0.243798  -58  0  
0.200764  -58  0  
0.184252  -56  0  
0.184252  -56  0  
0.184252  -56  0  
0.155911  -56  0  
0.155911  -53  1  
0.155911  -53  1  
0.141275  -53  1  
0.141275  -52  1  
0.141275  -52  1  
0.117753  -52  1  
0.113312  -50  1  
0.113312  -50  1  
0.113312  -50  1  
0.0992842  -50  1  
0.0992842  -49  1  
0.0992842  -49  1  
0.0794198  -48  1  
0.0794198  -48  1  
0.0794198  -48  1  
0.0717266  -45  2  
0.0649118  -45  2  
0.0649118  -45  2  
0.0561062  -45  2  
0.0561062  -45  2  
0.0561062  -45  2  
0.0561062  -45  2  
0.0299943  -44  2  
0.0299943  -44  2  
0.0111201  -41  2  
0.0111201  -41  2  
0.0111201  -41  2  
-0.00221869  -39  2  
-0.00673313  -39  2  
-0.00673313  -39  2  
-0.0122433  -39  2  
-0.0122433  -38  2  
-0.0157957  -38  2  
-0.0157957  -38  2  
-0.0157957  -37  2  
-0.0288592  -37  2  
-0.0332595  -37  2  
-0.0332595  -35  2  
-0.0332595  -35  2  
-0.0460373  -35  2  
-0.0460373  -35  2  
-0.0498979  -34  2  
-0.0498979  -34  2  
-0.0498979  -34  2  
-0.0607727  -34  2  
-0.0607727  -34  2  
-0.0607727  -34  2  
-0.0607727  -34  2  
-0.0701563  -32  2  
-0.0701563  -32  2  
-0.0701563  -32  2  
-0.0701563  -31  2  
-0.0701563  -31  2  
-0.0781409  -31  2  
-0.0817363  -31  2  
-0.0817363  -29  2  
-0.0817363  -29  2  
-0.0842673  -29  2  
-0.0842673  -29  2  
-0.0842673  -28  2  
-0.0883568  -28  2  
-0.0883568  -28  2  
-0.0883568  -27  2  
-0.0883568  -27  2  
-0.0878482  -27  2  
-0.0878482  -27  2  
-0.0878482  -26  2  
-0.0878482  -26  2  
-0.0872832  -26  2  
-0.0893948  -26  2  
-0.0893948  -25  2  
-0.0887865  -25  2  
-0.0887865  -25  2  
-0.0905797  -25  2  
-0.0921297  -25  2  
-0.0921297  -25  2  
-0.0898889  -25  2  
-0.0917272  -24  2  
-0.0917272  -24  2  
-0.0917272  -24  2  
-0.0917272  -24  2  
-0.0927799  -23  2  
-0.0927799  -23  2  
-0.0938017  -23  2  
-0.0938017  -23  2  
-0.0938017  -23  2  
-0.093865  -23  2  
-0.093865  -23  2  
-0.093865  -23  2  
-0.0945204  -22  1  
-0.0945204  -22  1  
-0.0945204  -22  1  
-0.096064  -22  1  
-0.0938374  -21  1  
-0.0929695  -21  1  
-0.0929695  -21  1  
-0.0929695  -20  1  
-0.088648  -20  1  
-0.088648  -20  1  
-0.086698  -20  1  
-0.086698  -18  1  
-0.086698  -18  1  
-0.086698  -18  1  
-0.0838955  -18  1  
-0.0807452  -17  1  
-0.0807452  -17  1  
-0.0786038  -17  1  
-0.0786038  -17  1  
-0.0763395  -17  1  
-0.0763395  -17  1  
-0.0763395  -17  1  
-0.0734458  -17  1  
-0.0734458  -16  1  
-0.0745954  -16  1  
-0.0745954  -16  1  
-0.0745954  -15  1  
-0.0687521  -15  1  
-0.0687521  -15  1  
-0.0687521  -100  33  
-0.0687521  -100  33  
-0.0648431  -100  33  
-0.0648431  -99  33  
-0.063377  -99  33  
-0.063377  -99  33  
-0.061751  -99  33  
-0.0606316  -98  33  
-0.0606316  -98  33  
-0.0606316  -98  33  
-0.0606316  -98  33  
-0.0606316  -98  33  
-0.0606316  -98  33  
-0.0503917  -98  33  
-0.0503917  -96  33  
-0.055722  -96  33  
-0.055722  -96  33  
-0.055722  -91  33  
-0.0636803  -91  33  
-0.0636803  -91  33  
-0.0636803  -88  33  
-0.0636803  -88  33  
-0.0746456  -88  33  
-0.0828508  -88  33  
-0.0828508  -82  33  
-0.0828508  -82  33  
-0.0923667  -82  33  
-0.0923667  -78  32  
-0.0989805  -78  32  
-0.0989805  -78  32  
-0.0989805  -76  32  
-0.0989805  -76  32  
-0.0989805  -76  32  
-0.10733  -76  32  
-0.10733  -71  31  
-0.10733  -71  31  
-0.126814  -71  31  
-0.126814  -67  31  
-0.126814  -67  31  
-0.126814  -67  31  
-0.141135  -66  31  
-0.141135  -66  31  
-0.141135  -66  31  
-0.189139  -66  31  
-0.189139  -66  31  
-0.243466  -66  31  
-0.243466  -59  29  
-0.327684  -59  29  
-0.327684  -59  29  
-0.359148  -55  28  
-0.359148  -55  28  
-0.359148  -55  28  
-0.359148  -55  28  
-0.359148  -55  28  
-0.417043  -54  27  
-0.417043  -54  27  
-0.472446  -54  27  
-0.491575  -54  27  
-0.491575  -50  25  
-0.491575  -50  25  
-0.491575  -50  25  
-0.528999  -50  25  
-0.528999  -47  23  
-0.541781  -47  23  
-0.541781  -47  23  
-0.569957  -46  23  
-0.569957  -46  23  
-0.579009  -46  23  
-0.579009  -46  23  
-0.582888  -43  21  
-0.582888  -43  21  
-0.582888  -43  21  
-0.582888  -43  21  
-0.582888  -43  21  
-0.597143  -43  21  
-0.597143  -43  21  
-0.597143  -43  21  
-0.597143  -41  20  
-0.597143  -41  20  
-0.597143  -41  20  
-0.627042  -41  20  
-0.627042  -38  18  
-0.633637  -38  18  
-0.633637  -38  18  
-0.645933  -38  18  
-0.645933  -38  18  
-0.648725  -36  16  
-0.648725  -36  16  
-0.648725  -36  16  
-0.660572  -36  16  
-0.664068  -36  16  
-0.668422  -36  16  
-0.668422  -36  16  
-0.668422  -33  14  
-0.668422  -33  14  
-0.670928  -33  14  
-0.670928  -33  14  
-0.670928  -32  13  
-0.670928  -32  13  
-0.67608  -32  13  
-0.678631  -32  13  
-0.678631  -31  12  
-0.678631  -31  12  
-0.679389  -31  12  
-0.682727  -30  11  
-0.682727  -30  11  
-0.682136  -30  11  
-0.682136  -30  11  
-0.682136  -30  11  
-0.682136  -29  10  
-0.680188  -29  10  
-0.680188  -29  10  
-0.680286  -29  10  
-0.680286  -28  9  
-0.680286  -28  9  
-0.67909  -28  9  
-0.677841  -27  8  
-0.677841  -27  8  
-0.678817  -27  8  
-0.678817  -27  8  
-0.678817  -27  7  
-0.678817  -27  7  
-0.678817  -27  7  
-0.679557  -27  7  
-0.677764  -27  7  
-0.677863  -26  7  
-0.677863  -26  7  
-0.677863  -26  7  
-0.677863  -26  7  
-0.675452  -25  6  
-0.675452  -25  6  
-0.672004  -25  6  
-0.672004  -25  6  
-0.672004  -23  5  
-0.672004  -23  5  
-0.667076  -23  5  
-0.665544  -23  5  
-0.665544  -23  5  
-0.665544  -23  5  
-0.665544  -23  5  
-0.665544  -23  5  
-0.659228  -22  5  
-0.659228  -22  5  
-0.659228  -22  5  
-0.652194  -22  5  
-0.649905  -21  4  
-0.649905  -21  4  
-0.649905  -21  4  
-0.643519  -21  4  
-0.643519  -20  3  
-0.643373  -20  3  
-0.643373  -20  3  
-0.643373  -20  3  
-0.643373  -19  3  
-0.643373  -19  3  
-0.627241  -19  3  
-0.627241  -19  3  
-0.627241  -18  2  
-0.627241  -18  2  
-0.613671  -18  2  
-0.613671  -18  2  
-0.607203  -17  1  
-0.603381  -17  1  
-0.603381  -17  1  
-0.602857  -17  1  
-0.596012  -16  0  
-0.596012  -16  0  
-0.596012  -16  0  
-0.592442  -16  0  
-0.592442  -16  0  
-0.592442  -16  0  
-0.580748  -16  0  
-0.580748  -15  -1  
-0.576165  -15  -1  
-0.576165  -15  -1  
-0.576165  -15  -1  
-0.576165  -15  -1  
-0.563561  -15  -1  
-0.55945  -15  -1  
-0.55945  -14  -2  
-0.55071  -14  -2  
-0.55071  -14  -2  
-0.547102  -13  -2  
-0.536702  -13  -2  
-0.536702  -13  -2  
-0.533674  -13  -2  
-0.533674  -12  -2  
-0.533674  -12  -2  
-0.533674  -12  -2  
-0.504642  -12  -2  
-0.504642  -11  -3  
-0.461035  -11  -3  
-0.461035  -11  -3  
-0.461035  -11  -3  
-0.461035  -11  -3  
-0.461035  -11  -3  
-0.415199  -11  -3  
-0.390711  -11  -3  
-0.368886  -11  -3  
-0.368886  -11  -3  
-0.368886  -11  -3  
-0.368886  -10  -3  
-0.368886  -10  -3  
-0.318584  -10  -3  
-0.318584  -10  -3  
-0.318584  -10  -3  
-0.272455  -10  -3  
-0.244089  -10  -3  
-0.244089  -10  -3  
-0.217696  -10  -3  
-0.217696  -10  -3  
-0.217696  -10  -3  
-0.217696  -10  -3  
-0.160292  -10  -3  
-0.160292  -10  -3  
-0.160292  -10  -3  
-0.160292  -9  -3  
-0.107742  -9  -3  
-0.107742  -9  -3  
-0.0364292  -9  -3  
-0.0364292  -8  -3  
-0.0364292  -8  -3  
0.00484018  -8  -3  
0.00484018  -8  -3  
0.00484018  -8  -3  
0.00484018  -8  -3  
0.0280871  -8  -3  
0.0280871  -8  -3  
0.0280871  -8  -3  
0.0758253  -8  -3  
0.0758253  -8  -3  
0.0758253  -8  -3  
0.0758253  -8  -3  
0.102537  -8  -3  
0.102537  -8  -3  
0.116173  -8  -3  
0.116173  -8  -3  
0.116173  -8  -3  
0.116173  -7  -3  
0.116173  -7  -3  
0.133102  -7  -3  
0.133102  -7  -3  
0.133102  -7  -3  
0.133102  -7  -3  
0.133102  -7  -3  
0.152639  -7  -3  
0.194279  -7  -3  
0.194279  -7  -3  
0.194279  -7  -3  
0.205394  -7  -3  
0.205394  -7  -3  
0.205394  -7  -3  
0.232725  -7  -3  
0.232725  -7  -3  
0.232725  -7  -3  
0.232725  -7  -3  
0.254748  -6  -3  
0.254748  -6  -3  
0.263691  -6  -3  
0.263691  -6  -3  
0.263691  -6  -3  
0.263691  -6  -2  
0.268949  -6  -2  
0.268949  -6  -2  
0.271023  -6  -2  
0.271023  -6  -2  
0.277094  -6  -2  
0.283707  -6  -2  
0.283707  -6  -2  
0.287778  -6  -2  
0.287778  -6  -2  
0.289635  -6  -2  
0.289635  -6  -2  
0.289635  -6  -2  
0.289635  -6  -2  
0.285619  -6  -2  
0.285619  -6  -2  
0.285619  -6  -2  
0.288374  -6  -2  
0.289369  -6  -2  
0.289369  -6  -2  
0.29527  -6  -2  
0.29527  -5  -2  
0.29527  -5  -2  
0.29527  -5  -2  
0.299755  -5  -2  
0.299755  -5  -2  
0.299755  -5  -2  
0.306149  -5  -2  
0.306149  -5  -2  
0.306149  -5  -2  
0.328383  -5  -2  
0.328383  -5  -2  
0.328383  -5  -2  
0.351839  -5  -2  
0.366436  -4  -2  
0.366436  -4  -2  
0.370964  -4  -2  
0.370964  -4  -2  
0.370964  -4  -2  
0.379241  -4  -2  
0.379241  -4  -2  
0.393907  -4  -2  
0.393907  -4  -2  
0.393907  -4  -2  
0.393907  -4  -2  
0.393907  -4  -2  
0.419704  -4  -2  
0.419704  -4  -2  
0.419704  -4  -2  
0.445388  -4  -2  
0.445388  -3  -2  
0.468315  -3  -2  
0.468315  -3  -2  
0.468315  -3  -2  
0.468315  -3  -2  
0.468315  -3  -2  
0.484701  -3  -2  
0.484701  -3  -2  
0.484701  -3  -1  
0.49842  -3  -1  
0.503797  -3  -1  
0.503797  -3  -1  
0.503797  -2  -1  
0.512594  -2  -1  
0.508648  -2  -1  
0.507823  -2  -1  
0.507823  -2  -1  
0.507823  -2  -1  
0.507823  -2  -1  
0.507823  -2  -1  
0.51354  -2  -1  
0.52004  -2  -1  
0.52004  -2  -1  
0.52004  -2  -1  
0.52004  -2  -1  
0.52004  -2  -1  
0.523225  -2  -1  
0.523225  -2  -1  
0.523225  -2  -1  
0.523225  -2  -1  
0.522715  -2  -1  
0.522715  -2  -1  
0.522715  -2  -1  
0.522715  -2  -1  
0.522715  -2  -1  
0.522715  -2  -1  
0.524464  -2  -1  
0.524464  -2  -1  
0.524464  -2  -1  
0.525421  -2  -1  
0.52556  -2  -1  
0.52556  -2  -1  
0.524125  -2  -1  
0.524125  -2  -1  
0.524777  -2  -1  
0.524777  -2  -1  
0.524777  -2  -1  
0.524777  -2  -1  
0.524854  -2  -1  
0.524854  -2  -1  
0.52677  -2  -1  
0.52677  -2  -1  
0.525092  -2  -1  
0.525092  -2  -1  
0.525092  -2  -1  
0.525092  -2  -1  
0.525092  -2  -1  
0.525209  -2  -1  
0.525209  -2  -1  
0.525209  -2  -1  
0.525865  -2  -1  
0.525865  -2  -1  
0.525865  -2  -1  
0.526747  -2  -1  
0.526747  -2  -1  
0.526747  -2  -1  
0.526747  -2  -1  
0.526371  -2  -1  
0.526371  -2  -1  
0.526371  -2  -1  
0.526371  -2  -1  
0.52555  -2  -1  
0.52555  -2  -1  
0.52555  -2  -1  
0.52555  -2  -1  
0.525853  -2  -1  
0.526091  -2  -1  
0.525607  -2  -1  
0.525607  -2  -1  
0.525607  -2  -1  
0.525607  -2  -1  
0.525607  -2  -1  
0.524918  -2  -1  
0.524957  -2  -1  
0.524957  -2  -1  
0.524957  -2  -1  
0.526637  -2  -1  
0.526637  -2  -1  
0.526637  -2  -1  
0.526637  -2  -1  
0.52633  -2  -1  
0.52633  -2  -1  
0.52633  -2  -1  
0.52633  -2  -1  
0.525838  -2  -1  
0.525838  -2  -1  
0.525838  -2  -1  
0.525838  -2  -1  
0.525017  -2  -1  
0.525017  -2  -1  
0.526347  -2  -1  
0.526347  -2  -1  
0.526347  -2  -1  
0.526347  -2  -1  
0.526347  -2  -1  
0.526347  -2  -1  
0.526347  -2  -1  
0.526347  -2  -1  
0.526347  -2  -1  
0.527641  -2  -1  
0.527641  -2  -1  
0.527641  -2  -1  
0.525022  -2  -1  
0.525022  -2  -1  
0.525022  -2  -1  
0.525022  -2  -1  
0.5271  -2  -1  
0.528095  -2  -1  
0.526441  -2  -1  
0.526441  -2  -1  
0.526441  -2  -1  
0.526441  -2  -1  
0.526441  -2  -1  
0.527851  -2  -1  
0.527851  -2  -1  
0.527851  -2  -1  
0.524583  -2  -1  
0.524583  -2  -1  
0.524583  -2  -1  
0.524583  -2  -1  
0.524583  -2  -1  
0.524583  -2  -1  
0.524583  -2  -1  
0.52635  -2  -1  
0.525034  -2  -1  
0.527652  -2  -1  
0.527652  -2  -1  
0.527195  -2  -1  
0.527195  -2  -1  
0.527195  -2  -1  
0.526666  -2  -1  
0.526544  -2  -1  
0.526544  -2  -1  
0.525712  -2  -1  
0.525712  -2  -1  
0.525712  -2  -1  
0.527672  -2  -1  
0.527674  -2  -1  
0.527674  -2  -1  
0.527674  -2  -1  
0.527887  -2  -1  
0.527887  -2  -1  
0.526235  -2  -1  
0.526235  -2  -1  
0.526916  -2  -1  
0.525628  -2  -1  
0.525628  -2  -1  
0.525628  -2  -1  
0.525628  -2  -1  
0.527975  -2  -1  
0.527975  -2  -1  
0.529088  -2  -1  
0.529088  -2  -1  
0.529088  -2  -1  
0.529088  -2  -1  
0.528084  -2  -1  
0.528084  -2  -1  
0.527848  -2  -1  
0.527848  -2  -1  
0.527848  -2  -1  
0.527848  -2  -1  
0.527027  -2  -1  
0.527027  -2  -1  
0.526799  -2  -1  
0.527804  -2  -1  
0.527804  -2  -1  
0.526266  -2  -1  
0.526266  -2  -1  
0.526266  -2  -1  
0.527216  -2  -1  
0.528757  -2  -1  
0.528757  -2  -1  
0.528757  -2  -1  
0.528757  -2  -1  
0.529226  -2  -1  
0.529226  -2  -1  
0.529226  -2  -1  
0.52792  -2  -1  
0.527489  -2  -1  
0.527489  -2  -1  
0.527489  -2  -1  
0.527489  -2  -1  
0.527489  -2  -1  
0.527489  -2  -1  
0.526484  -2  -1  
0.526484  -2  -1  
0.526484  -2  -1  
0.526484  -2  -1  
0.527684  -2  -1  
0.527684  -2  -1  
0.527684  -2  -1  
0.527684  -2  -1  
0.527684  -2  -1  
0.526922  -2  -1  
0.526922  -2  -1  
0.527869  -2  -1  
0.527869  -2  -1  
0.527996  -2  -1  
0.527996  -2  -1  
0.527996  -2  -1  
0.527996  -2  -1  
0.526761  -2  -1  
0.526761  -2  -1  
0.526761  -2  -1  
0.526761  -2  -1  
0.527554  -2  -1  
0.527554  -2  -1  
0.527211  -2  -1  
0.528344  -2  -1  
0.528344  -2  -1  
0.528344  -2  -1  
0.526659  -2  -1  
0.526817  -2  -1  
0.526817  -2  -1  
0.526817  -2  -1  
0.527695  -2  -1  
0.527695  -2  -1  
0.527695  -2  -1  
0.526934  -2  -1  
0.526934  -2  -1  
0.52737  -2  -1  
0.52737  -2  -1  
0.52737  -2  -1  
0.52737  -2  -1  
0.52737  -2  -1  
0.52737  -2  -1  
0.528156  -2  -1  
0.528156  -2  -1  
0.528156  -2  -1  
0.526916  -2  -1  
0.526916  -2  -1  
0.526916  -2  -1  
0.525493  -2  -1  
0.525493  -2  -1  
0.525493  -2  -1  
0.525493  -2  -1  
0.528044  -2  -1  
0.526096  -2  -1  
0.526096  -2  -1  
0.526096  -2  -1  
0.523145  -2  -1  
0.523145  -2  -1  
0.523145  -2  -1  
0.52622  -2  -1  
0.52622  -2  -1  
0.52622  -2  -1  
0.527746  -2  -1  
0.527746  -2  -1  
0.527746  -2  -1  
0.527746  -2  -1  
0.527252  -2  -1  
0.530139  -2  -1  
0.530139  -2  -1  
0.530139  -2  -1  
0.524816  -2  -1  
0.524816  -2  -1  
0.524816  -2  -1  
0.524816  -2  -1  
0.524816  -2  -1  
0.526186  -2  -1  
0.526186  -2  -1  
0.526186  -2  -1  
0.527411  -2  -1  
0.527319  -2  -1  
0.527319  -2  -1  
0.527319  -2  -1  
0.527319  -2  -1  
0.528331  -2  -1  
0.528331  -2  -1  
0.528331  -2  -1  
0.528331  -2  -1  
0.527069  -2  -1  
0.525986  -2  -1  
0.526898  -2  -1  
0.526898  -2  -1  
0.526898  -2  -1  
0.526898  -2  -1  
0.525401  -2  -1  
0.525401  -2  -1  
0.52599  -2  -1  
