1.5708  3.51556  -4.79216  
1.5708  3.51556  -4.79216  
1.5708  3.51556  -4.79216  
1.5708  3.51556  -4.79216  
1.5708  3.51556  -4.79216  
1.5708  3.51556  -4.79216  
1.5708  3.51556  -4.79216  
1.5708  3.51556  -4.79216  
1.5708  3.51556  -4.79216  
1.5708  3.51556  -4.79216  
1.5708  3.51556  -4.79216  
1.5708  3.51556  -4.79216  
1.5708  3.51556  -4.79216  
1.5708  3.51556  -4.79216  
1.5708  3.51556  -4.79216  
1.5708  3.51556  -4.79216  
1.5708  3.51556  -4.79216  
1.5708  3.51556  -4.79216  
1.5708  3.51556  -4.79216  
1.5708  3.51556  -4.79216  
1.5708  3.51556  -4.79216  
1.5708  3.51556  -4.79216  
1.5708  3.51556  -4.79216  
1.5708  3.51556  -4.79216  
1.5708  3.51556  -4.79216  
1.5708  3.51556  -4.79216  
1.5708  3.51556  -4.79216  
1.5708  3.51556  -4.79216  
1.5708  3.51556  -4.79216  
1.5708  3.51556  -4.79216  
1.5708  3.51556  -4.79216  
1.5708  3.51556  -4.79216  
1.5708  -0.54992  1.84616  
1.5708  -0.54992  1.84616  
1.5708  -0.54992  1.84616  
1.5708  -0.54992  1.84616  
1.5708  -0.54992  1.84616  
1.5708  -0.54992  1.84616  
1.5708  -0.54992  1.84616  
1.5708  -0.54992  1.84616  
1.5708  -0.54992  1.84616  
1.5708  -0.54992  1.84616  
1.5708  -0.54992  1.84616  
1.5708  -0.54992  1.84616  
1.5708  -0.54992  1.84616  
1.5708  -0.54992  1.84616  
1.5708  -0.54992  1.84616  
1.5708  -0.54992  1.84616  
1.5708  -0.54992  1.84616  
1.57246  -0.54992  1.84616  
1.57079  -0.54992  1.84616  
1.57251  -0.54992  1.84616  
1.57009  -0.54992  1.84616  
1.57117  -0.54992  1.84616  
1.57387  -0.54992  1.84616  
1.5721  -0.54992  1.84616  
1.76478  -0.11784  2.02292  
1.58817  -0.51064  1.84616  
1.58418  -0.51064  1.84616  
1.5889  -0.51064  1.84616  
1.58546  -0.51064  1.84616  
1.58795  -0.51064  1.84616  
1.58836  -0.51064  1.84616  
1.58376  -0.51064  1.84616  
1.69428  -0.23568  1.92472  
1.68656  -0.27496  1.88544  
1.59346  -0.491  1.84616  
1.59654  -0.491  1.84616  
1.59423  -0.491  1.84616  
1.59338  -0.491  1.84616  
1.59223  -0.491  1.84616  
1.59253  -0.491  1.84616  
1.59283  -0.491  1.84616  
1.59309  -0.491  1.84616  
1.59638  -0.491  1.84616  
1.59488  -0.491  1.84616  
1.59366  -0.491  1.84616  
1.59755  -0.491  1.84616  
1.59446  -0.491  1.84616  
1.59459  -0.491  1.84616  
1.59795  -0.491  1.84616  
1.59433  -0.491  1.84616  
1.59543  -0.491  1.84616  
1.59493  -0.491  1.84616  
1.59718  -0.491  1.84616  
1.59419  -0.491  1.84616  
1.59251  -0.491  1.84616  
1.59494  -0.491  1.84616  
1.59517  -0.491  1.84616  
1.59448  -0.491  1.84616  
1.59472  -0.491  1.84616  
1.59264  -0.491  1.84616  
1.59269  -0.491  1.84616  
1.59594  -0.491  1.84616  
1.59303  -0.491  1.84616  
1.5941  -0.491  1.84616  
1.59381  -0.491  1.84616  
1.59553  -0.491  1.84616  
1.59512  -0.491  1.84616  
1.5932  -0.491  1.84616  
1.59514  -0.491  1.84616  
1.59448  -0.491  1.84616  
1.59574  -0.491  1.84616  
1.59466  -0.491  1.84616  
1.59526  -0.491  1.84616  
1.59448  -0.491  1.84616  
1.59622  -0.491  1.84616  
1.59719  -0.491  1.84616  
1.59502  -0.491  1.84616  
1.59185  -0.491  1.84616  
1.59727  -0.491  1.84616  
1.5959  -0.491  1.84616  
1.59561  -0.491  1.84616  
1.59523  -0.491  1.84616  
1.59766  -0.491  1.84616  
1.59558  -0.491  1.84616  
1.59437  -0.491  1.84616  
1.59587  -0.491  1.84616  
1.59718  -0.491  1.84616  
1.59657  -0.491  1.84616  
1.59628  -0.491  1.84616  
1.59644  -0.491  1.8658  
1.59456  -0.491  1.84616  
1.59883  -0.491  1.8658  
1.59703  -0.491  1.84616  
1.59435  -0.491  1.84616  
1.59391  -0.96236  2.27824  
1.58792  -0.51064  1.84616  
1.58984  -0.51064  1.84616  
1.28796  -1.74796  2.31752  
1.58622  -0.51064  1.84616  
1.26995  -1.33552  1.94436  
1.80003  -0.47136  2.5532  
1.34493  -0.51064  0.72668  
1.34352  -1.11948  1.94436  
1.34221  -1.13912  1.94436  
1.33978  -1.13912  1.94436  
1.33579  -1.13912  1.94436  
1.33582  -1.13912  1.94436  
1.33467  -1.13912  1.94436  
1.53323  -0.66776  1.8658  
1.53178  -0.66776  1.8658  
1.53606  -0.64812  1.84616  
1.51631  -0.70704  1.82652  
1.53896  -0.64812  1.84616  
1.54518  -0.62848  1.84616  
1.53613  -0.64812  1.84616  
1.57069  -0.56956  1.8658  
1.56227  -0.5892  1.84616  
1.56472  -0.56956  1.84616  
1.55885  -0.5892  1.84616  
1.56357  -0.56956  1.84616  
1.56154  -0.5892  1.84616  
1.56004  -0.5892  1.84616  
1.56008  -0.5892  1.84616  
1.56564  -0.56956  1.84616  
1.56521  -0.56956  1.84616  
1.55841  -0.5892  1.84616  
1.56013  -0.5892  1.84616  
1.55696  -0.5892  1.84616  
1.55846  -0.5892  1.84616  
1.56288  -0.56956  1.84616  
1.56119  -0.5892  1.84616  
1.55492  -0.5892  1.84616  
1.56225  -0.5892  1.84616  
1.56171  -0.5892  1.84616  
1.56047  -0.5892  1.84616  
1.5621  -0.5892  1.84616  
1.56185  -0.5892  1.84616  
1.56435  -0.56956  1.84616  
1.56324  -0.56956  1.84616  
1.56378  -0.56956  1.84616  
1.55909  -0.5892  1.84616  
1.56515  -0.56956  1.84616  
1.55949  -0.5892  1.84616  
1.56372  -0.56956  1.84616  
1.56103  -0.5892  1.84616  
1.56278  -0.5892  1.84616  
1.56366  -0.56956  1.84616  
1.56362  -0.56956  1.84616  
1.56388  -0.56956  1.84616  
1.55842  -0.5892  1.84616  
1.56171  -0.5892  1.84616  
1.56192  -0.5892  1.84616  
1.55794  -0.5892  1.84616  
1.56246  -0.5892  1.84616  
1.55944  -0.5892  1.84616  
1.56333  -0.56956  1.84616  
1.56272  -0.5892  1.84616  
1.56164  -0.5892  1.84616  
1.5641  -0.56956  1.84616  
