0.00718621 0.00316439 -1.57275 0.247065 0.246003 0.0684891
0.00769833 0.00456055 -1.57492 0.247065 0.246003 0.0684891
0.00565109 0.00335632 -1.57329 0.247065 0.246003 0.0684891
0.00521906 0.00378907 -1.57343 0.247065 0.246003 0.0684891
0.00577327 0.00286603 -1.57296 0.247065 0.246003 0.0684891
0.00658184 0.00244098 -1.57302 0.247065 0.246003 0.0684891
0.0061803 0.00110729 -1.57176 0.247065 0.246003 0.0684891
0.00509874 0.0023945 -1.57191 0.247065 0.246003 0.0684891
0.00780282 0.00254141 -1.57343 0.247065 0.246003 0.0684891
0.00599287 0.00208195 -1.57233 0.247065 0.246003 0.0684891
0.00599287 0.00208195 -1.57233 0.247065 0.246003 0.0684891
0.0064191 0.00110544 -1.57208 0.247065 0.246003 0.0684891
0.00923417 0.0019986 -1.57341 0.247065 0.246003 0.0684891
0.00454253 0.00206408 -1.57262 0.247065 0.246003 0.0684891
0.0071175 0.00151641 -1.57202 0.247065 0.246003 0.0684891
0.00628344 0.00102437 -1.57229 0.247065 0.246003 0.0684891
0.00747495 0.00272572 -1.57419 0.247065 0.246003 0.0684891
0.0077246 0.00216076 -1.57295 0.247065 0.246003 0.0684891
0.0091531 0.00191336 -1.57267 0.247065 0.246003 0.0684891
0.0100483 0.00116397 -1.57294 0.247065 0.246003 0.0684891
0.00759806 0.000182942 -1.57081 0.247065 0.246003 0.0684891
0.0073629 0.00122157 -1.572 0.247065 0.246003 0.0684891
0.00845314 0.00295324 -1.57408 0.247065 0.246003 0.0684891
0.0101344 0.00124469 -1.57296 0.247065 0.246003 0.0684891
0.00982 0.00151917 -1.57295 0.247065 0.246003 0.0684891
0.00809774 0.00214718 -1.57303 0.247065 0.246003 0.0684891
0.0081176 0.000603154 -1.57178 0.247065 0.246003 0.0684891
0.00797554 0.000168289 -1.57171 0.247065 0.246003 0.0684891
0.00885359 0.00151197 -1.57232 0.247065 0.246003 0.0684891
0.00806912 0.00166574 -1.57304 0.247065 0.246003 0.0684891
0.00647594 0.000212063 -1.57124 0.247065 0.246003 0.0684891
0.00718446 0.000911762 -1.57185 0.247065 0.246003 0.0684891
0.00718446 0.000911762 -1.57185 0.247065 0.246003 0.0684891
0.0103404 0.0017293 -1.57284 0.247065 0.246003 0.0684891
0.0103404 0.0017293 -1.57284 0.247065 0.246003 0.0684891
0.00854493 0.00229531 -1.57345 0.247065 0.246003 0.0684891
0.00675832 0.00125766 -1.57139 0.247065 0.246003 0.0684891
0.00795866 0.000543608 -1.57076 0.247065 0.246003 0.0684891
0.0100836 0.00123804 -1.57278 0.247065 0.246003 0.0684891
0.0101561 0.00185458 -1.57317 0.247065 0.246003 0.0684891
0.00800825 0.00099081 -1.57152 0.247065 0.246003 0.0684891
0.00741351 -0.000166932 -1.57071 0.247065 0.246003 0.0684891
0.00689556 0.000833729 -1.57107 0.247065 0.246003 0.0684891
0.0078232 0.000832622 -1.57189 0.247065 0.246003 0.0684891
0.00705847 -0.00102265 -1.57007 0.247065 0.246003 0.0684891
0.00725725 0.000791772 -1.57172 0.247065 0.246003 0.0684891
0.00925246 0.00288598 -1.57336 0.247065 0.246003 0.0684891
0.00894706 0.00153033 -1.57283 0.247065 0.246003 0.0684891
0.0104511 0.00179477 -1.57351 0.247065 0.246003 0.0684891
0.00934379 0.000914787 -1.57251 0.247065 0.246003 0.0684891
0.00934379 0.000914787 -1.57251 0.247065 0.246003 0.0684891
0.0101099 0.00221543 -1.57308 0.247065 0.246003 0.0684891
0.00704403 -8.46738e-05 -1.57102 0.247065 0.246003 0.0684891
0.00808546 0.00269602 -1.57345 0.247065 0.246003 0.0684891
0.00992329 0.00158135 -1.57291 0.247065 0.246003 0.0684891
0.00724846 -0.000915618 -1.57025 0.247065 0.246003 0.0684891
0.00929881 0.00268793 -1.5732 0.247065 0.246003 0.0684891
0.0083772 0.00196902 -1.57292 0.247065 0.246003 0.0684891
0.00748705 0.00159253 -1.57127 0.247065 0.246003 0.0684891
0.00802613 0.00384858 -1.57275 0.247065 0.246003 0.0684891
0.00813227 0.0010826 -1.57117 0.247065 0.246003 0.0684891
0.00984737 0.00265631 -1.57307 0.247065 0.246003 0.0684891
0.00888495 0.00410767 -1.57367 0.247065 0.246003 0.0684891
0.00980009 0.00451455 -1.57389 0.247065 0.246003 0.0684891
0.00855151 0.00262671 -1.57323 0.247065 0.246003 0.0684891
0.00854434 0.00262798 -1.57323 0.247065 0.246003 0.0684891
0.00730648 0.00289053 -1.57318 0.247065 0.246003 0.0684891
0.00912387 0.00364705 -1.57364 0.247065 0.246003 0.0684891
0.00671154 0.00342173 -1.57318 0.247065 0.246003 0.0684891
0.00506587 0.00223821 -1.57213 0.247065 0.246003 0.0684891
0.00814996 0.00286253 -1.57388 0.247065 0.246003 0.0684891
0.00695538 0.00427882 -1.57435 0.247065 0.246003 0.0684891
0.00701507 0.00164119 -1.57182 0.247065 0.246003 0.0684891
0.00626374 0.00215486 -1.5727 0.247065 0.246003 0.0684891
0.00656913 0.00151905 -1.57194 0.247065 0.246003 0.0684891
0.00500259 0.00366359 -1.57307 0.247065 0.246003 0.0684891
0.00857199 0.00286104 -1.57375 0.247065 0.246003 0.0684891
0.0108167 0.00309681 -1.57384 0.247065 0.246003 0.0684891
0.0102173 0.00269002 -1.57351 0.247065 0.246003 0.0684891
0.00678372 0.00110537 -1.57229 0.247065 0.246003 0.0684891
0.00702613 0.000204394 -1.57212 0.247065 0.246003 0.0684891
0.00698138 0.00270774 -1.57352 0.247065 0.246003 0.0684891
0.00833948 0.00282389 -1.57412 0.247065 0.246003 0.0684891
0.00736561 0.00112744 -1.57193 0.247065 0.246003 0.0684891
0.00553115 0.00143133 -1.57196 0.247065 0.246003 0.0684891
0.00937952 0.00198053 -1.57291 0.247065 0.246003 0.0684891
0.00817206 0.00206756 -1.57331 0.247065 0.246003 0.0684891
0.00721313 0.00201279 -1.57317 0.247065 0.246003 0.0684891
0.00627271 0.000932441 -1.57165 0.247065 0.246003 0.0684891
0.00627271 0.000932441 -1.57165 0.247065 0.246003 0.0684891
0.00670032 0.00100895 -1.57174 0.247065 0.246003 0.0684891
0.00823266 0.000402568 -1.57183 0.247065 0.246003 0.0684891
0.0102426 0.00242298 -1.57342 0.247065 0.246003 0.0684891
0.0087964 0.00165644 -1.57296 0.247065 0.246003 0.0684891
0.00819353 0.00213379 -1.57303 0.247065 0.246003 0.0684891
0.00833019 0.00264905 -1.57392 0.247065 0.246003 0.0684891
0.00693113 0.00133156 -1.5724 0.247065 0.246003 0.0684891
0.00826054 0.0012835 -1.57164 0.247065 0.246003 0.0684891
0.00952131 0.00213335 -1.57302 0.247065 0.246003 0.0684891
0.00777407 0.0017482 -1.57327 0.247065 0.246003 0.0684891
0.00960449 0.00165563 -1.57312 0.247065 0.246003 0.0684891
0.00685494 0.00103 -1.57217 0.247065 0.246003 0.0684891
0.00774837 0.00110684 -1.57184 0.247065 0.246003 0.0684891
0.00840796 0.00204765 -1.57313 0.247065 0.246003 0.0684891
0.00840796 0.00204765 -1.57313 0.247065 0.246003 0.0684891
0.00840796 0.00204765 -1.57313 0.247065 0.246003 0.0684891
0.00840796 0.00204765 -1.57313 0.247065 0.246003 0.0684891
0.506659 -0.992295 0.14834 0.247065 0.246003 0.0684891
0.506659 -0.992295 0.14834 0.247065 0.246003 0.0684891
0.506659 -0.992295 0.14834 0.247065 0.246003 0.0684891
0.506666 -0.992234 0.14753 0.0097978 0.00971604 0.00990587
0.506666 -0.992234 0.14753 0.0097978 0.00971604 0.00990587
0.506666 -0.992234 0.14753 0.0097978 0.00971604 0.00990587
0.507165 -0.994184 0.148754 0.0097978 0.00971604 0.00990587
0.507165 -0.994184 0.148754 0.0097978 0.00971604 0.00990587
0.506809 -0.993543 0.148541 0.0097978 0.00971604 0.00990587
0.507801 -0.993836 0.149558 0.0097978 0.00971604 0.00990587
0.507998 -0.994154 0.148519 0.0097978 0.00971604 0.00990587
0.50671 -0.994243 0.147974 0.0097978 0.00971604 0.00990587
0.507908 -0.993541 0.148945 0.0097978 0.00971604 0.00990587
0.506934 -0.992934 0.148466 0.0097978 0.00971604 0.00990587
0.508767 -0.995706 0.149266 0.0097978 0.00971604 0.00990587
0.508212 -0.995745 0.149294 0.0097978 0.00971604 0.00990587
0.507225 -0.993976 0.148337 0.0097978 0.00971604 0.00990587
0.50712 -0.995832 0.147641 0.0097978 0.00971604 0.00990587
0.509084 -0.992769 0.149758 0.0097978 0.00971604 0.00990587
0.509566 -0.997739 0.149679 0.0097978 0.00971604 0.00990587
0.509342 -0.996028 0.149944 0.0097978 0.00971604 0.00990587
0.50835 -0.993027 0.148124 0.0097978 0.00971604 0.00990587
0.50835 -0.993027 0.148124 0.0097978 0.00971604 0.00990587
0.508022 -0.995904 0.149052 0.0097978 0.00971604 0.00990587
0.507889 -0.992634 0.148644 0.0097978 0.00971604 0.00990587
0.506508 -0.995002 0.14791 0.0097978 0.00971604 0.00990587
0.50773 -0.995645 0.148579 0.0097978 0.00971604 0.00990587
0.50773 -0.995645 0.148579 0.0097978 0.00971604 0.00990587
0.507885 -0.993853 0.148462 0.0097978 0.00971604 0.00990587
0.507885 -0.993853 0.148462 0.0097978 0.00971604 0.00990587
0.508315 -0.995251 0.149502 0.0097978 0.00971604 0.00990587
0.507719 -0.992507 0.148684 0.0097978 0.00971604 0.00990587
0.507838 -0.993009 0.14832 0.0097978 0.00971604 0.00990587
0.507838 -0.993009 0.14832 0.0097978 0.00971604 0.00990587
0.506914 -0.994397 0.148562 0.0097978 0.00971604 0.00990587
0.509463 -0.994745 0.149924 0.0097978 0.00971604 0.00990587
0.509463 -0.994745 0.149924 0.0097978 0.00971604 0.00990587
0.50791 -0.992847 0.148193 0.0097978 0.00971604 0.00990587
0.510688 -0.994764 0.150631 0.0097978 0.00971604 0.00990587
0.508461 -0.997048 0.149379 0.0097978 0.00971604 0.00990587
0.508179 -0.992593 0.149076 0.0097978 0.00971604 0.00990587
0.508356 -0.994598 0.148993 0.0097978 0.00971604 0.00990587
0.509065 -0.994852 0.150494 0.0097978 0.00971604 0.00990587
0.509065 -0.994852 0.150494 0.0097978 0.00971604 0.00990587
0.509029 -0.992254 0.148904 0.0097978 0.00971604 0.00990587
0.508702 -0.994306 0.149121 0.0097978 0.00971604 0.00990587
0.508503 -0.993495 0.149119 0.0097978 0.00971604 0.00990587
0.508503 -0.993495 0.149119 0.0097978 0.00971604 0.00990587
0.499678 -0.919501 0.140139 0.0097978 0.00971604 0.00990587
0.499678 -0.919501 0.140139 0.0097978 0.00971604 0.00990587
0.487059 -0.769154 0.16634 0.0097978 0.00971604 0.00990587
0.487059 -0.769154 0.16634 0.0097978 0.00971604 0.00990587
0.487059 -0.769154 0.16634 0.0097978 0.00971604 0.00990587
0.487059 -0.769154 0.16634 0.0097978 0.00971604 0.00990587
0.487059 -0.769154 0.16634 0.0097978 0.00971604 0.00990587
0.487059 -0.769154 0.16634 0.0097978 0.00971604 0.00990587
0.394099 -0.487251 0.259669 0.00989688 0.00855579 0.00779162
0.376844 -0.448923 0.276897 0.00989688 0.00855579 0.00779162
0.36369 -0.364038 0.292512 0.00989688 0.00855579 0.00779162
0.252811 -0.16301 0.37918 0.00978507 0.00819881 0.00541497
0.225217 -0.0913188 0.409807 0.00978507 0.00819881 0.00541497
0.185266 -0.0284347 0.442893 0.00978507 0.00819881 0.00541497
0.138409 0.0749831 0.490162 0.00978507 0.00819881 0.00541497
0.138214 0.0752112 0.490335 0.00978507 0.00819881 0.00541497
0.0408219 0.195484 0.566267 0.00828824 0.00868065 0.00475794
0.0200052 0.222675 0.587681 0.00828824 0.00868065 0.00475794
-0.0181923 0.27473 0.629755 0.00828824 0.00868065 0.00475794
-0.0407517 0.296303 0.655677 0.00828824 0.00868065 0.00475794
-0.0777645 0.346402 0.687041 0.00828824 0.00868065 0.00475794
-0.117965 0.385764 0.718437 0.00828824 0.00868065 0.00475794
-0.151713 0.423037 0.736344 0.00828824 0.00868065 0.00475794
-0.182659 0.456241 0.741024 0.00828824 0.00868065 0.00475794
-0.22725 0.493936 0.745185 0.00716833 0.0103466 0.00458534
-0.250859 0.52523 0.743135 0.00716833 0.0103466 0.00458534
-0.264994 0.540414 0.742638 0.00716833 0.0103466 0.00458534
-0.280014 0.552662 0.738809 0.00716833 0.0103466 0.00458534
-0.321559 0.592925 0.713235 0.00716833 0.0103466 0.00458534
-0.337037 0.609092 0.700951 0.00716833 0.0103466 0.00458534
-0.369554 0.647033 0.631798 0.00716833 0.0103466 0.00458534
-0.388019 0.67013 0.579271 0.00716833 0.0103466 0.00458534
-0.431781 0.744637 0.394192 0.00716833 0.0103466 0.00458534
-0.452426 0.79969 0.248664 0.00716833 0.0103466 0.00458534
-0.463952 0.853226 0.0880451 0.00716833 0.0103466 0.00458534
-0.463952 0.853226 0.0880451 0.00716833 0.0103466 0.00458534
-0.471022 0.936431 -0.154145 0.00889795 0.0142296 0.00661875
-0.456209 0.982978 -0.312049 0.00889795 0.0142296 0.00661875
-0.442885 1.03172 -0.45738 0.00889795 0.0142296 0.00661875
-0.428597 1.05545 -0.52383 0.00889795 0.0142296 0.00661875
-0.428597 1.05545 -0.52383 0.00889795 0.0142296 0.00661875
-0.397356 1.09687 -0.642901 0.00889795 0.0142296 0.00661875
-0.333105 1.16772 -0.8342 0.00889795 0.0142296 0.00661875
-0.333105 1.16772 -0.8342 0.00889795 0.0142296 0.00661875
-0.24231 1.23459 -1.02898 0.00889795 0.0142296 0.00661875
-0.24231 1.23459 -1.02898 0.00889795 0.0142296 0.00661875
-0.242004 1.23471 -1.02944 0.00889795 0.0142296 0.00661875
-0.129572 1.28277 -1.19555 0.0116492 0.0120261 0.008202
-0.0976248 1.29708 -1.23463 0.0116492 0.0120261 0.008202
-0.0633135 1.30779 -1.2679 0.0116492 0.0120261 0.008202
-0.0465772 1.31461 -1.2803 0.0116492 0.0120261 0.008202
-0.0465772 1.31461 -1.2803 0.0116492 0.0120261 0.008202
-0.0135447 1.32313 -1.30062 0.0116492 0.0120261 0.008202
0.0462671 1.34209 -1.33961 0.0116492 0.0120261 0.008202
0.0592208 1.34449 -1.34837 0.0116492 0.0120261 0.008202
0.105297 1.35506 -1.37586 0.0116492 0.0120261 0.008202
0.114817 1.35885 -1.38249 0.0116492 0.0120261 0.008202
0.142923 1.36424 -1.39841 0.0116492 0.0120261 0.008202
0.188044 1.34414 -1.43271 0.0116492 0.0120261 0.008202
0.231901 1.34893 -1.44836 0.0128359 0.00826947 0.00784545
0.245023 1.3499 -1.45139 0.0128359 0.00826947 0.00784545
0.271776 1.35408 -1.45712 0.0128359 0.00826947 0.00784545
0.308242 1.35903 -1.46111 0.0128359 0.00826947 0.00784545
0.325658 1.35997 -1.46285 0.0128359 0.00826947 0.00784545
0.340681 1.36191 -1.46429 0.0128359 0.00826947 0.00784545
0.36216 1.36707 -1.46936 0.0128359 0.00826947 0.00784545
0.382444 1.37198 -1.47358 0.0128359 0.00826947 0.00784545
0.389909 1.37128 -1.47318 0.0128359 0.00826947 0.00784545
0.409761 1.37222 -1.47446 0.0128359 0.00826947 0.00784545
0.429928 1.37602 -1.47753 0.0128359 0.00826947 0.00784545
0.447437 1.37754 -1.47955 0.0128359 0.00826947 0.00784545
0.457404 1.38042 -1.48167 0.0128359 0.00826947 0.00784545
0.485973 1.38281 -1.48479 0.0128359 0.00826947 0.00784545
0.518815 1.38665 -1.48814 0.0128359 0.00826947 0.00784545
0.529062 1.3875 -1.48723 0.0128359 0.00826947 0.00784545
0.529062 1.3875 -1.48723 0.0128359 0.00826947 0.00784545
0.529062 1.3875 -1.48723 0.0128359 0.00826947 0.00784545
0.529062 1.3875 -1.48723 0.0128359 0.00826947 0.00784545
0.529062 1.3875 -1.48723 0.0128359 0.00826947 0.00784545
0.529062 1.3875 -1.48723 0.0128359 0.00826947 0.00784545
0.529062 1.3875 -1.48723 0.0128359 0.00826947 0.00784545
0.655846 1.38075 -1.52445 0.0102215 0.0071334 0.00664464
0.664613 1.38082 -1.52328 0.0102215 0.0071334 0.00664464
0.675878 1.38157 -1.52541 0.0102215 0.0071334 0.00664464
0.694051 1.38421 -1.52853 0.0102215 0.0071334 0.00664464
0.700774 1.3843 -1.52741 0.0102215 0.0071334 0.00664464
0.72994 1.38547 -1.52693 0.0102215 0.0071334 0.00664464
0.779 1.38762 -1.53632 0.0102215 0.0071334 0.00664464
0.811968 1.38827 -1.54198 0.0102215 0.0071334 0.00664464
0.957974 1.39845 -1.56781 0.0102215 0.0071334 0.00664464
0.997591 1.40082 -1.57853 0.0102215 0.0071334 0.00664464
1.03939 1.40144 -1.58276 0.0102215 0.0071334 0.00664464
1.17446 1.38264 -1.63341 0.00716751 0.00541621 0.00442534
1.24973 1.37591 -1.67956 0.00716751 0.00541621 0.00442534
1.24973 1.37591 -1.67956 0.00716751 0.00541621 0.00442534
1.38268 1.35235 -1.79584 0.00716751 0.00541621 0.00442534
1.43626 1.33886 -1.86919 0.00716751 0.00541621 0.00442534
1.49954 1.31936 -1.95432 0.00716751 0.00541621 0.00442534
1.5547 1.28521 -2.0419 0.00577508 0.0043 0.00310528
1.57368 1.26966 -2.07334 0.00577508 0.0043 0.00310528
1.65226 1.21796 -2.18884 0.00577508 0.0043 0.00310528
1.6656 1.20535 -2.20645 0.00577508 0.0043 0.00310528
1.73147 1.14578 -2.24297 0.00577508 0.0043 0.00310528
1.76617 1.12371 -2.25944 0.00577508 0.0043 0.00310528
1.78835 1.09686 -2.26743 0.00577508 0.0043 0.00310528
1.81575 1.07334 -2.27407 0.00577508 0.0043 0.00310528
1.83428 1.04714 -2.27557 0.00577508 0.0043 0.00310528
1.87125 1.01613 -2.276 0.00577508 0.0043 0.00310528
1.88428 0.992473 -2.26841 0.00577508 0.0043 0.00310528
1.90751 0.976562 -2.26566 0.00577508 0.0043 0.00310528
1.93906 0.947068 -2.25565 0.00565509 0.00382807 0.00324119
1.96137 0.931735 -2.25391 0.00565509 0.00382807 0.00324119
1.98438 0.911281 -2.24295 0.00565509 0.00382807 0.00324119
2.01524 0.882319 -2.22955 0.00565509 0.00382807 0.00324119
2.04934 0.861578 -2.22204 0.00565509 0.00382807 0.00324119
2.06994 0.845697 -2.21475 0.00565509 0.00382807 0.00324119
2.0908 0.829256 -2.20912 0.00565509 0.00382807 0.00324119
2.11657 0.812508 -2.1844 0.00565509 0.00382807 0.00324119
2.14193 0.789364 -2.13853 0.00565509 0.00382807 0.00324119
2.20075 0.760745 -2.05899 0.00565509 0.00382807 0.00324119
2.23571 0.74168 -1.99939 0.00565509 0.00382807 0.00324119
2.27372 0.728762 -1.94718 0.00565509 0.00382807 0.00324119
2.30106 0.708783 -1.88924 0.00565509 0.00382807 0.00324119
2.33498 0.69576 -1.84102 0.00565509 0.00382807 0.00324119
2.37803 0.682477 -1.76867 0.00565509 0.00382807 0.00324119
2.40632 0.676405 -1.73874 0.0060762 0.00394585 0.00320405
2.42016 0.672329 -1.71818 0.0060762 0.00394585 0.00320405
2.45091 0.673273 -1.68167 0.0060762 0.00394585 0.00320405
2.47622 0.666385 -1.64167 0.0060762 0.00394585 0.00320405
2.49242 0.669277 -1.62537 0.0060762 0.00394585 0.00320405
2.54521 0.672818 -1.55328 0.0060762 0.00394585 0.00320405
2.57069 0.675103 -1.52405 0.0060762 0.00394585 0.00320405
2.58629 0.678051 -1.50858 0.0060762 0.00394585 0.00320405
2.62034 0.678282 -1.45967 0.0060762 0.00394585 0.00320405
2.64354 0.682657 -1.43266 0.0060762 0.00394585 0.00320405
2.66304 0.688287 -1.4065 0.0060762 0.00394585 0.00320405
2.68959 0.693508 -1.3784 0.0060762 0.00394585 0.00320405
2.71268 0.698056 -1.34797 0.0060762 0.00394585 0.00320405
2.73526 0.701756 -1.3168 0.0060762 0.00394585 0.00320405
2.76064 0.710378 -1.29282 0.0060762 0.00394585 0.00320405
2.78891 0.7215 -1.25784 0.0060762 0.00394585 0.00320405
2.79238 0.713997 -1.2551 0.00545546 0.00400709 0.00382438
2.80867 0.720239 -1.23387 0.00545546 0.00400709 0.00382438
2.83519 0.731264 -1.20385 0.00545546 0.00400709 0.00382438
2.84905 0.737571 -1.18227 0.00545546 0.00400709 0.00382438
2.85867 0.742849 -1.17363 0.00545546 0.00400709 0.00382438
2.87944 0.753056 -1.1518 0.00545546 0.00400709 0.00382438
2.92284 0.772377 -1.15413 0.00545546 0.00400709 0.00382438
2.94599 0.784866 -1.17148 0.00545546 0.00400709 0.00382438
3.02649 0.819127 -1.26974 0.00545546 0.00400709 0.00382438
3.08873 0.840623 -1.37278 0.00545546 0.00400709 0.00382438
3.1515 0.856426 -1.47411 0.00545546 0.00400709 0.00382438
3.18497 0.858821 -1.53468 0.00545546 0.00400709 0.00382438
3.25124 0.860257 -1.64763 0.00539518 0.00476159 0.00387518
3.33246 0.851494 -1.80179 0.00539518 0.00476159 0.00387518
3.33246 0.851494 -1.80179 0.00539518 0.00476159 0.00387518
3.40141 0.827195 -1.9221 0.00539518 0.00476159 0.00387518
3.4664 0.800779 -2.01923 0.00539518 0.00476159 0.00387518
3.50558 0.781909 -2.06352 0.00539518 0.00476159 0.00387518
3.522 0.774995 -2.08366 0.00539518 0.00476159 0.00387518
3.56486 0.749802 -2.1299 0.00539518 0.00476159 0.00387518
3.60201 0.730194 -2.15366 0.00539518 0.00476159 0.00387518
3.62418 0.713627 -2.17262 0.00539518 0.00476159 0.00387518
3.66016 0.687888 -2.20168 0.00586641 0.00548296 0.00436663
3.6926 0.661032 -2.22025 0.00586641 0.00548296 0.00436663
3.7122 0.645777 -2.22451 0.00586641 0.00548296 0.00436663
3.72314 0.63513 -2.22398 0.00586641 0.00548296 0.00436663
3.76751 0.601922 -2.2182 0.00586641 0.00548296 0.00436663
3.78971 0.58493 -2.20887 0.00586641 0.00548296 0.00436663
3.80917 0.568785 -2.20355 0.00586641 0.00548296 0.00436663
3.83004 0.554251 -2.20008 0.00586641 0.00548296 0.00436663
3.84944 0.542518 -2.19581 0.00586641 0.00548296 0.00436663
3.88435 0.517533 -2.18537 0.00586641 0.00548296 0.00436663
3.89274 0.511214 -2.18242 0.00586641 0.00548296 0.00436663
3.91929 0.4964 -2.1799 0.00586641 0.00548296 0.00436663
3.93449 0.482299 -2.17336 0.00586641 0.00548296 0.00436663
3.95268 0.472311 -2.16679 0.00586641 0.00548296 0.00436663
3.97128 0.457324 -2.16019 0.00586641 0.00548296 0.00436663
3.98048 0.454597 -2.16018 0.00586641 0.00548296 0.00436663
4.0006 0.437495 -2.15297 0.00586641 0.00548296 0.00436663
4.01393 0.425504 -2.1459 0.00586641 0.00548296 0.00436663
4.03116 0.415927 -2.14109 0.00586641 0.00548296 0.00436663
4.04433 0.405314 -2.13468 0.00586641 0.00548296 0.00436663
4.0585 0.399606 -2.13072 0.00586641 0.00548296 0.00436663
4.0713 0.392276 -2.12644 0.00586641 0.00548296 0.00436663
4.09168 0.369611 -2.12588 0.00661634 0.00582604 0.00358479
4.10193 0.357857 -2.11819 0.00661634 0.00582604 0.00358479
4.11308 0.350999 -2.11419 0.00661634 0.00582604 0.00358479
4.1194 0.339585 -2.10831 0.00661634 0.00582604 0.00358479
4.13103 0.335595 -2.10626 0.00661634 0.00582604 0.00358479
4.13965 0.328717 -2.10292 0.00661634 0.00582604 0.00358479
4.15084 0.3201 -2.09836 0.00661634 0.00582604 0.00358479
4.15667 0.319093 -2.09884 0.00661634 0.00582604 0.00358479
4.16938 0.307975 -2.09106 0.00661634 0.00582604 0.00358479
4.17877 0.30313 -2.08574 0.00661634 0.00582604 0.00358479
4.18376 0.297082 -2.07942 0.00661634 0.00582604 0.00358479
4.19229 0.28862 -2.06247 0.00661634 0.00582604 0.00358479
4.19532 0.287204 -2.03516 0.00661634 0.00582604 0.00358479
4.20001 0.287569 -2.01369 0.00661634 0.00582604 0.00358479
4.20709 0.280355 -1.99066 0.00661634 0.00582604 0.00358479
4.20678 0.281341 -1.97609 0.00661634 0.00582604 0.00358479
4.20905 0.284362 -1.95527 0.00661634 0.00582604 0.00358479
4.21496 0.27907 -1.92566 0.00661634 0.00582604 0.00358479
4.22088 0.27664 -1.89589 0.00661634 0.00582604 0.00358479
4.22209 0.273025 -1.86924 0.00661634 0.00582604 0.00358479
4.22472 0.272356 -1.86131 0.00661634 0.00582604 0.00358479
4.22927 0.27295 -1.83288 0.00661634 0.00582604 0.00358479
4.23275 0.272722 -1.82235 0.00661634 0.00582604 0.00358479
4.23244 0.266937 -1.77994 0.00661634 0.00582604 0.00358479
4.23626 0.269867 -1.77866 0.00661634 0.00582604 0.00358479
4.23725 0.269645 -1.76598 0.00661634 0.00582604 0.00358479
4.23447 0.268906 -1.76131 0.00661634 0.00582604 0.00358479
4.23542 0.268005 -1.7563 0.00661634 0.00582604 0.00358479
4.23689 0.267255 -1.75404 0.00661634 0.00582604 0.00358479
4.23805 0.266966 -1.74267 0.00661634 0.00582604 0.00358479
4.23891 0.266589 -1.73913 0.00661634 0.00582604 0.00358479
4.24001 0.267391 -1.72588 0.00661634 0.00582604 0.00358479
4.24001 0.267391 -1.72588 0.00661634 0.00582604 0.00358479
4.24235 0.267398 -1.71304 0.00661634 0.00582604 0.00358479
4.24331 0.267481 -1.70938 0.00661634 0.00582604 0.00358479
4.24385 0.268589 -1.70578 0.00661634 0.00582604 0.00358479
4.2462 0.267376 -1.69133 0.00661634 0.00582604 0.00358479
4.24473 0.267224 -1.68866 0.00661634 0.00582604 0.00358479
4.24692 0.267226 -1.68333 0.00661634 0.00582604 0.00358479
4.24647 0.267624 -1.68372 0.00661634 0.00582604 0.00358479
4.24707 0.267148 -1.68311 0.00661634 0.00582604 0.00358479
4.24768 0.267633 -1.68355 0.00661634 0.00582604 0.00358479
4.24771 0.266744 -1.68306 0.00661634 0.00582604 0.00358479
4.24665 0.266677 -1.68338 0.00661634 0.00582604 0.00358479
4.2477 0.267162 -1.68351 0.00661634 0.00582604 0.00358479
4.2464 0.267338 -1.68406 0.00661634 0.00582604 0.00358479
4.24509 0.265989 -1.68233 0.00661634 0.00582604 0.00358479
4.24524 0.267015 -1.68216 0.00661634 0.00582604 0.00358479
4.24563 0.265406 -1.68246 0.00661634 0.00582604 0.00358479
4.24789 0.267924 -1.68374 0.00661634 0.00582604 0.00358479
4.24654 0.266383 -1.68299 0.00661634 0.00582604 0.00358479
4.24662 0.26699 -1.6832 0.00661634 0.00582604 0.00358479
4.24679 0.26601 -1.68253 0.00661634 0.00582604 0.00358479
4.24679 0.26601 -1.68253 0.00661634 0.00582604 0.00358479
4.24656 0.266994 -1.68282 0.00661634 0.00582604 0.00358479
4.24537 0.265333 -1.68234 0.00661634 0.00582604 0.00358479
4.24537 0.265333 -1.68234 0.00661634 0.00582604 0.00358479
4.24546 0.266479 -1.68209 0.00661634 0.00582604 0.00358479
4.24546 0.266479 -1.68209 0.00661634 0.00582604 0.00358479
4.24501 0.26789 -1.68226 0.00661634 0.00582604 0.00358479
4.24448 0.267264 -1.68088 0.00661634 0.00582604 0.00358479
4.24616 0.268026 -1.68126 0.00661634 0.00582604 0.00358479
4.24614 0.266767 -1.67928 0.00661634 0.00582604 0.00358479
4.24614 0.266767 -1.67928 0.00661634 0.00582604 0.00358479
4.24547 0.266906 -1.67937 0.00661634 0.00582604 0.00358479
4.24547 0.266906 -1.67937 0.00661634 0.00582604 0.00358479
4.24459 0.265547 -1.67733 0.00661634 0.00582604 0.00358479
4.24399 0.267295 -1.67698 0.00661634 0.00582604 0.00358479
4.24474 0.267381 -1.67762 0.00661634 0.00582604 0.00358479
4.24524 0.268145 -1.67788 0.00661634 0.00582604 0.00358479
4.2445 0.267354 -1.67773 0.00661634 0.00582604 0.00358479
4.24472 0.267851 -1.67776 0.00661634 0.00582604 0.00358479
4.24361 0.265252 -1.67618 0.00661634 0.00582604 0.00358479
4.24483 0.26752 -1.67782 0.00661634 0.00582604 0.00358479
4.24431 0.267983 -1.67752 0.00661634 0.00582604 0.00358479
4.2434 0.266694 -1.67691 0.00661634 0.00582604 0.00358479
4.24348 0.265907 -1.67705 0.00661634 0.00582604 0.00358479
4.24282 0.266591 -1.67684 0.00661634 0.00582604 0.00358479
4.24282 0.266591 -1.67684 0.00661634 0.00582604 0.00358479
4.24345 0.268164 -1.67648 0.00661634 0.00582604 0.00358479
4.24345 0.268164 -1.67648 0.00661634 0.00582604 0.00358479
4.24527 0.268353 -1.67513 0.00661634 0.00582604 0.00358479
4.24371 0.267765 -1.67424 0.00661634 0.00582604 0.00358479
4.24298 0.267238 -1.67464 0.00661634 0.00582604 0.00358479
4.24306 0.267032 -1.67404 0.00661634 0.00582604 0.00358479
4.24387 0.268285 -1.67532 0.00661634 0.00582604 0.00358479
4.24429 0.266767 -1.67397 0.00661634 0.00582604 0.00358479
4.24348 0.268133 -1.67487 0.00661634 0.00582604 0.00358479
4.24391 0.267429 -1.67474 0.00661634 0.00582604 0.00358479
4.24518 0.268504 -1.67502 0.00661634 0.00582604 0.00358479
4.24437 0.267386 -1.67386 0.00661634 0.00582604 0.00358479
4.24405 0.268206 -1.67457 0.00661634 0.00582604 0.00358479
4.24469 0.268092 -1.67477 0.00661634 0.00582604 0.00358479
4.24457 0.265302 -1.67229 0.00661634 0.00582604 0.00358479
4.2449 0.2671 -1.67351 0.00661634 0.00582604 0.00358479
4.24444 0.268098 -1.67476 0.00661634 0.00582604 0.00358479
4.24428 0.267326 -1.67305 0.00661634 0.00582604 0.00358479
4.24531 0.266963 -1.67422 0.00661634 0.00582604 0.00358479
4.24566 0.267019 -1.67328 0.00661634 0.00582604 0.00358479
4.24529 0.268028 -1.67413 0.00661634 0.00582604 0.00358479
4.2447 0.268672 -1.67353 0.00661634 0.00582604 0.00358479
4.24407 0.268882 -1.67415 0.00661634 0.00582604 0.00358479
4.24465 0.265826 -1.6705 0.00661634 0.00582604 0.00358479
4.24502 0.267738 -1.66975 0.00661634 0.00582604 0.00358479
4.24472 0.266965 -1.6689 0.00661634 0.00582604 0.00358479
4.24443 0.267413 -1.66951 0.00661634 0.00582604 0.00358479
4.24443 0.267413 -1.66951 0.00661634 0.00582604 0.00358479
4.24324 0.266892 -1.66876 0.00661634 0.00582604 0.00358479
4.24371 0.266277 -1.66936 0.00661634 0.00582604 0.00358479
4.24371 0.266277 -1.66936 0.00661634 0.00582604 0.00358479
4.24399 0.267441 -1.66932 0.00661634 0.00582604 0.00358479
4.2441 0.26695 -1.66906 0.00661634 0.00582604 0.00358479
4.24427 0.268532 -1.67021 0.00661634 0.00582604 0.00358479
4.24436 0.266289 -1.66837 0.00661634 0.00582604 0.00358479
4.2448 0.267211 -1.66888 0.00661634 0.00582604 0.00358479
4.24454 0.267145 -1.66956 0.00661634 0.00582604 0.00358479
4.24454 0.267145 -1.66956 0.00661634 0.00582604 0.00358479
4.24504 0.268876 -1.66957 0.00661634 0.00582604 0.00358479
4.24516 0.267866 -1.66813 0.00661634 0.00582604 0.00358479
4.24494 0.26754 -1.66803 0.00661634 0.00582604 0.00358479
