0.0092284 0.000345516 0.000232521 0.247065 0.246003 0.0684891
0.0092284 0.000345516 0.000232521 0.247065 0.246003 0.0684891
0.00689404 0.00189401 -4.33537e-05 0.247065 0.246003 0.0684891
0.00689404 0.00189401 -4.33537e-05 0.247065 0.246003 0.0684891
0.00920166 -0.000579254 0.000889114 0.247065 0.246003 0.0684891
0.00920166 -0.000579254 0.000889114 0.247065 0.246003 0.0684891
0.00740458 0.00023265 0.000825409 0.247065 0.246003 0.0684891
0.00808239 -0.00150545 0.00113161 0.247065 0.246003 0.0684891
0.00808239 -0.00150545 0.00113161 0.247065 0.246003 0.0684891
0.00759326 -0.000249243 0.000247489 0.247065 0.246003 0.0684891
0.0105881 0.00171644 -0.00189979 0.247065 0.246003 0.0684891
0.0109193 0.000143416 -0.00114061 0.247065 0.246003 0.0684891
0.00788354 -0.000779991 0.00127562 0.247065 0.246003 0.0684891
0.00788354 -0.000779991 0.00127562 0.247065 0.246003 0.0684891
0.00848215 -0.000427772 0.000501472 0.247065 0.246003 0.0684891
0.0106777 0.000746407 -0.00151009 0.247065 0.246003 0.0684891
0.0106777 0.000746407 -0.00151009 0.247065 0.246003 0.0684891
0.0106777 0.000746407 -0.00151009 0.247065 0.246003 0.0684891
0.0107732 0.00214631 -0.00193019 0.247065 0.246003 0.0684891
0.0107732 0.00214631 -0.00193019 0.247065 0.246003 0.0684891
0.0107732 0.00214631 -0.00193019 0.247065 0.246003 0.0684891
0.00925142 -0.000607775 0.000883694 0.247065 0.246003 0.0684891
0.00925142 -0.000607775 0.000883694 0.247065 0.246003 0.0684891
0.0077885 -0.000858017 0.000797998 0.247065 0.246003 0.0684891
0.00971519 -0.000164589 0.000592999 0.247065 0.246003 0.0684891
0.00971519 -0.000164589 0.000592999 0.247065 0.246003 0.0684891
0.00982918 0.00109787 -0.000854343 0.247065 0.246003 0.0684891
0.0104726 -0.00174434 0.00129988 0.247065 0.246003 0.0684891
0.00775603 -0.000741532 0.0006749 0.247065 0.246003 0.0684891
0.00775603 -0.000741532 0.0006749 0.247065 0.246003 0.0684891
0.00775603 -0.000741532 0.0006749 0.247065 0.246003 0.0684891
0.0102951 0.00128362 -0.000586714 0.247065 0.246003 0.0684891
0.0113683 0.00126335 -0.00137325 0.247065 0.246003 0.0684891
0.0110093 -0.00171629 0.00146474 0.247065 0.246003 0.0684891
0.0110093 -0.00171629 0.00146474 0.247065 0.246003 0.0684891
0.00880104 -8.66552e-05 0.000861548 0.247065 0.246003 0.0684891
0.00880104 -8.66552e-05 0.000861548 0.247065 0.246003 0.0684891
0.00821544 0.00144303 -0.000301256 0.247065 0.246003 0.0684891
0.00736889 -0.000366096 0.000367153 0.247065 0.246003 0.0684891
0.00736889 -0.000366096 0.000367153 0.247065 0.246003 0.0684891
0.00736889 -0.000366096 0.000367153 0.247065 0.246003 0.0684891
0.00906243 0.000635481 0.000223667 0.247065 0.246003 0.0684891
0.00906243 0.000635481 0.000223667 0.247065 0.246003 0.0684891
0.00898995 -0.000428396 -0.000197738 0.247065 0.246003 0.0684891
0.00757284 0.00235346 -0.00135106 0.247065 0.246003 0.0684891
0.00996295 -0.00126007 0.00103168 0.247065 0.246003 0.0684891
0.0102348 -0.00150948 0.0015535 0.247065 0.246003 0.0684891
0.0102348 -0.00150948 0.0015535 0.247065 0.246003 0.0684891
0.00873569 -0.000958923 0.000619805 0.247065 0.246003 0.0684891
0.00638556 0.00245324 -0.00139854 0.247065 0.246003 0.0684891
0.00636669 0.00248064 -0.00141475 0.247065 0.246003 0.0684891
0.00636669 0.00248064 -0.00141475 0.247065 0.246003 0.0684891
0.00636669 0.00248064 -0.00141475 0.247065 0.246003 0.0684891
0.00944575 0.00134753 -0.00186046 0.247065 0.246003 0.0684891
0.00944575 0.00134753 -0.00186046 0.247065 0.246003 0.0684891
0.00710774 0.000355042 -6.18339e-05 0.247065 0.246003 0.0684891
0.00710774 0.000355042 -6.18339e-05 0.247065 0.246003 0.0684891
0.0106354 0.000874854 -0.00133748 0.247065 0.246003 0.0684891
0.00779163 0.000137729 0.000458388 0.247065 0.246003 0.0684891
0.00779163 0.000137729 0.000458388 0.247065 0.246003 0.0684891
0.00779163 0.000137729 0.000458388 0.247065 0.246003 0.0684891
0.00811463 0.000127552 0.000672962 0.247065 0.246003 0.0684891
0.00952451 0.00118722 -0.000236235 0.247065 0.246003 0.0684891
0.00952451 0.00118722 -0.000236235 0.247065 0.246003 0.0684891
0.00952451 0.00118722 -0.000236235 0.247065 0.246003 0.0684891
0.00883567 -0.000427258 0.00102826 0.247065 0.246003 0.0684891
0.00883567 -0.000427258 0.00102826 0.247065 0.246003 0.0684891
0.00883567 -0.000427258 0.00102826 0.247065 0.246003 0.0684891
0.00363486 0.000130399 0.000455503 0.247065 0.246003 0.0684891
0.00851635 -0.00173704 0.000906632 0.247065 0.246003 0.0684891
0.00851635 -0.00173704 0.000906632 0.247065 0.246003 0.0684891
0.00933671 -0.00148742 5.23902e-05 0.247065 0.246003 0.0684891
0.00933671 -0.00148742 5.23902e-05 0.247065 0.246003 0.0684891
0.00933671 -0.00148742 5.23902e-05 0.247065 0.246003 0.0684891
0.00673952 0.00230075 -0.0017969 0.247065 0.246003 0.0684891
0.00852117 0.000359588 -0.00129169 0.247065 0.246003 0.0684891
0.00852117 0.000359588 -0.00129169 0.247065 0.246003 0.0684891
0.00973028 -7.37734e-05 -0.00158692 0.247065 0.246003 0.0684891
0.00763048 -0.000474218 0.000828815 0.247065 0.246003 0.0684891
0.00992147 -0.000451885 0.000857307 0.247065 0.246003 0.0684891
0.00992147 -0.000451885 0.000857307 0.247065 0.246003 0.0684891
0.0105261 -0.000413568 0.000149646 0.247065 0.246003 0.0684891
0.00914518 0.000886999 -0.000672565 0.247065 0.246003 0.0684891
0.00914518 0.000886999 -0.000672565 0.247065 0.246003 0.0684891
0.00784232 0.00170514 -0.000694738 0.247065 0.246003 0.0684891
0.00784232 0.00170514 -0.000694738 0.247065 0.246003 0.0684891
0.00784232 0.00170514 -0.000694738 0.247065 0.246003 0.0684891
0.00795129 0.00117456 -0.000491858 0.247065 0.246003 0.0684891
0.00623283 1.68133e-05 0.000361557 0.247065 0.246003 0.0684891
0.00623283 1.68133e-05 0.000361557 0.247065 0.246003 0.0684891
0.0101848 -0.0025134 0.00149944 0.247065 0.246003 0.0684891
0.0101848 -0.0025134 0.00149944 0.247065 0.246003 0.0684891
0.00678287 0.00230897 -0.000614039 0.247065 0.246003 0.0684891
0.008509 -0.0016341 0.000947127 0.247065 0.246003 0.0684891
0.00850707 0.000328368 0.000758736 0.247065 0.246003 0.0684891
0.0074195 0.00105699 0.000690032 0.247065 0.246003 0.0684891
0.0074195 0.00105699 0.000690032 0.247065 0.246003 0.0684891
0.00763969 0.000574769 0.000516035 0.247065 0.246003 0.0684891
0.00763969 0.000574769 0.000516035 0.247065 0.246003 0.0684891
0.00977889 0.000634825 -0.00097403 0.247065 0.246003 0.0684891
0.00687741 0.00123982 -0.00074851 0.247065 0.246003 0.0684891
0.00687741 0.00123982 -0.00074851 0.247065 0.246003 0.0684891
0.0076506 -0.00014882 0.000632543 0.247065 0.246003 0.0684891
0.00708931 0.00155757 0.000176037 0.247065 0.246003 0.0684891
0.00708931 0.00155757 0.000176037 0.247065 0.246003 0.0684891
0.00881766 -0.00130264 0.00125659 0.247065 0.246003 0.0684891
0.00881766 -0.00130264 0.00125659 0.247065 0.246003 0.0684891
0.00509378 0.00156331 9.70172e-05 0.247065 0.246003 0.0684891
0.00509378 0.00156331 9.70172e-05 0.247065 0.246003 0.0684891
0.00509378 0.00156331 9.70172e-05 0.247065 0.246003 0.0684891
0.00553921 0.00159629 0.000169493 0.247065 0.246003 0.0684891
0.00851157 0.00047171 0.000710086 0.247065 0.246003 0.0684891
0.00851157 0.00047171 0.000710086 0.247065 0.246003 0.0684891
0.00659867 0.00171465 0.000257953 0.247065 0.246003 0.0684891
0.00659867 0.00171465 0.000257953 0.247065 0.246003 0.0684891
0.011097 0.000668248 -2.79539e-05 0.247065 0.246003 0.0684891
0.011097 0.000668248 -2.79539e-05 0.247065 0.246003 0.0684891
0.00882984 0.00121793 0.000619414 0.247065 0.246003 0.0684891
0.00882984 0.00121793 0.000619414 0.247065 0.246003 0.0684891
0.0072576 0.000940806 -0.000422217 0.247065 0.246003 0.0684891
0.0072576 0.000940806 -0.000422217 0.247065 0.246003 0.0684891
0.00814248 0.00227735 -0.00118908 0.247065 0.246003 0.0684891
0.00814248 0.00227735 -0.00118908 0.247065 0.246003 0.0684891
0.00959483 0.000159478 0.000884196 0.247065 0.246003 0.0684891
0.00959483 0.000159478 0.000884196 0.247065 0.246003 0.0684891
0.00959483 0.000159478 0.000884196 0.247065 0.246003 0.0684891
0.00930895 -0.00114033 0.00144068 0.247065 0.246003 0.0684891
0.00908892 2.81588e-05 0.00218803 0.247065 0.246003 0.0684891
0.00908892 2.81588e-05 0.00218803 0.247065 0.246003 0.0684891
0.0108793 -0.00233022 0.0038042 0.247065 0.246003 0.0684891
0.0108793 -0.00233022 0.0038042 0.247065 0.246003 0.0684891
0.0108636 0.00199146 0.00309078 0.247065 0.246003 0.0684891
0.0108636 0.00199146 0.00309078 0.247065 0.246003 0.0684891
0.00886035 -0.000872337 0.00753505 0.247065 0.246003 0.0684891
0.00886035 -0.000872337 0.00753505 0.247065 0.246003 0.0684891
0.0144955 -0.000705661 0.00827062 0.247065 0.246003 0.0684891
0.0144955 -0.000705661 0.00827062 0.247065 0.246003 0.0684891
0.0144955 -0.000705661 0.00827062 0.247065 0.246003 0.0684891
0.0159122 0.000716023 0.00960562 0.247065 0.246003 0.0684891
0.0187836 -0.00172712 0.0121971 0.247065 0.246003 0.0684891
0.0187836 -0.00172712 0.0121971 0.247065 0.246003 0.0684891
0.0187836 -0.00172712 0.0121971 0.247065 0.246003 0.0684891
0.0174479 -0.00120912 0.013467 0.247065 0.246003 0.0684891
0.0174479 -0.00120912 0.013467 0.247065 0.246003 0.0684891
0.0214041 -0.000427858 0.0127225 0.247065 0.246003 0.0684891
0.0215883 0.00175287 0.00741647 0.247065 0.246003 0.0684891
0.0215883 0.00175287 0.00741647 0.247065 0.246003 0.0684891
0.0339236 0.000768886 0.00134814 0.247065 0.246003 0.0684891
0.0339236 0.000768886 0.00134814 0.247065 0.246003 0.0684891
0.0390785 -0.00188978 -0.00679123 0.247065 0.246003 0.0684891
0.0448393 -0.00562161 -0.0115266 0.247065 0.246003 0.0684891
0.0448393 -0.00562161 -0.0115266 0.247065 0.246003 0.0684891
0.0448393 -0.00562161 -0.0115266 0.247065 0.246003 0.0684891
0.0489237 -0.00592239 -0.0119819 0.247065 0.246003 0.0684891
0.0489237 -0.00592239 -0.0119819 0.247065 0.246003 0.0684891
0.0506499 -0.00830641 -0.00855882 0.247065 0.246003 0.0684891
0.0506499 -0.00830641 -0.00855882 0.247065 0.246003 0.0684891
0.054497 -0.00361265 -0.0106451 0.247065 0.246003 0.0684891
0.0622067 -0.00520323 -0.00869153 0.247065 0.246003 0.0684891
0.0622067 -0.00520323 -0.00869153 0.247065 0.246003 0.0684891
0.0622067 -0.00520323 -0.00869153 0.247065 0.246003 0.0684891
0.0693595 -0.00999454 -0.00661119 0.247065 0.246003 0.0684891
0.0693595 -0.00999454 -0.00661119 0.247065 0.246003 0.0684891
0.0742359 -0.00905322 -0.00682359 0.247065 0.246003 0.0684891
0.0774613 -0.0112326 -0.00608044 0.247065 0.246003 0.0684891
0.0774613 -0.0112326 -0.00608044 0.247065 0.246003 0.0684891
0.0916221 -0.0147336 -0.00389117 0.247065 0.246003 0.0684891
0.0984012 -0.014651 -0.0024959 0.247065 0.246003 0.0684891
0.0984012 -0.014651 -0.0024959 0.247065 0.246003 0.0684891
0.0984012 -0.014651 -0.0024959 0.247065 0.246003 0.0684891
0.0984012 -0.014651 -0.0024959 0.247065 0.246003 0.0684891
0.106716 -0.0156506 -0.000556525 0.247065 0.246003 0.0684891
0.116448 -0.0151371 -0.00068412 0.247065 0.246003 0.0684891
0.116448 -0.0151371 -0.00068412 0.247065 0.246003 0.0684891
0.116448 -0.0151371 -0.00068412 0.247065 0.246003 0.0684891
0.124497 -0.0146866 -0.0016161 0.247065 0.246003 0.0684891
0.138407 -0.0158623 -0.0013174 0.247065 0.246003 0.0684891
0.138551 -0.0158745 -0.0013143 0.247065 0.246003 0.0684891
0.138551 -0.0158745 -0.0013143 0.247065 0.246003 0.0684891
0.146177 -0.0150211 0.00139883 0.247065 0.246003 0.0684891
0.154908 -0.0178865 0.00496329 0.247065 0.246003 0.0684891
0.154908 -0.0178865 0.00496329 0.247065 0.246003 0.0684891
0.154908 -0.0178865 0.00496329 0.247065 0.246003 0.0684891
0.163066 -0.0160358 0.00529312 0.247065 0.246003 0.0684891
0.172522 -0.0148805 0.00727261 0.247065 0.246003 0.0684891
0.182546 -0.0185027 0.00977625 0.247065 0.246003 0.0684891
0.182546 -0.0185027 0.00977625 0.247065 0.246003 0.0684891
0.1936 -0.0162819 0.00990033 0.247065 0.246003 0.0684891
0.1936 -0.0162819 0.00990033 0.247065 0.246003 0.0684891
0.1936 -0.0162819 0.00990033 0.247065 0.246003 0.0684891
0.200639 -0.0193471 0.0115866 0.247065 0.246003 0.0684891
0.212356 -0.0200907 0.0128809 0.247065 0.246003 0.0684891
0.212356 -0.0200907 0.0128809 0.247065 0.246003 0.0684891
0.222206 -0.0145353 0.0124902 0.247065 0.246003 0.0684891
0.222206 -0.0145353 0.0124902 0.247065 0.246003 0.0684891
0.222206 -0.0145353 0.0124902 0.247065 0.246003 0.0684891
0.222206 -0.0145353 0.0124902 0.247065 0.246003 0.0684891
0.222206 -0.0145353 0.0124902 0.247065 0.246003 0.0684891
0.222206 -0.0145353 0.0124902 0.247065 0.246003 0.0684891
0.222206 -0.0145353 0.0124902 0.247065 0.246003 0.0684891
0.222206 -0.0145353 0.0124902 0.247065 0.246003 0.0684891
0.222206 -0.0145353 0.0124902 0.247065 0.246003 0.0684891
0.222206 -0.0145353 0.0124902 0.247065 0.246003 0.0684891
0.222206 -0.0145353 0.0124902 0.247065 0.246003 0.0684891
0.222206 -0.0145353 0.0124902 0.247065 0.246003 0.0684891
0.222206 -0.0145353 0.0124902 0.247065 0.246003 0.0684891
0.222206 -0.0145353 0.0124902 0.247065 0.246003 0.0684891
0.222206 -0.0145353 0.0124902 0.247065 0.246003 0.0684891
0.222206 -0.0145353 0.0124902 0.247065 0.246003 0.0684891
0.222206 -0.0145353 0.0124902 0.247065 0.246003 0.0684891
0.222206 -0.0145353 0.0124902 0.247065 0.246003 0.0684891
0.222206 -0.0145353 0.0124902 0.247065 0.246003 0.0684891
0.222206 -0.0145353 0.0124902 0.247065 0.246003 0.0684891
0.48954 0.0348362 0.0326049 0.230817 0.211356 0.0628446
0.48954 0.0348362 0.0326049 0.230817 0.211356 0.0628446
0.48954 0.0348362 0.0326049 0.230817 0.211356 0.0628446
0.48954 0.0348362 0.0326049 0.230817 0.211356 0.0628446
0.48954 0.0348362 0.0326049 0.230817 0.211356 0.0628446
0.48954 0.0348362 0.0326049 0.230817 0.211356 0.0628446
0.516161 0.0340771 0.0187425 0.230817 0.211356 0.0628446
0.516161 0.0340771 0.0187425 0.230817 0.211356 0.0628446
0.516161 0.0340771 0.0187425 0.230817 0.211356 0.0628446
0.516161 0.0340771 0.0187425 0.230817 0.211356 0.0628446
0.531009 0.0339577 0.0105762 0.230817 0.211356 0.0628446
0.531009 0.0339577 0.0105762 0.230817 0.211356 0.0628446
0.543988 0.0373831 -0.000884028 0.230817 0.211356 0.0628446
0.554228 0.0349669 -0.00306225 0.230817 0.211356 0.0628446
0.554228 0.0349669 -0.00306225 0.230817 0.211356 0.0628446
0.554228 0.0349669 -0.00306225 0.230817 0.211356 0.0628446
0.563276 0.0368493 -0.00957083 0.230817 0.211356 0.0628446
0.570406 0.0386887 -0.0153084 0.230817 0.211356 0.0628446
0.580209 0.0374596 -0.0182495 0.230817 0.211356 0.0628446
0.580209 0.0374596 -0.0182495 0.230817 0.211356 0.0628446
0.580209 0.0374596 -0.0182495 0.230817 0.211356 0.0628446
0.585596 0.040173 -0.0239526 0.230817 0.211356 0.0628446
0.585596 0.040173 -0.0239526 0.230817 0.211356 0.0628446
0.585596 0.040173 -0.0239526 0.230817 0.211356 0.0628446
0.592406 0.0407904 -0.028162 0.230817 0.211356 0.0628446
0.601399 0.0388932 -0.0311106 0.230817 0.211356 0.0628446
0.601399 0.0388932 -0.0311106 0.230817 0.211356 0.0628446
0.601399 0.0388932 -0.0311106 0.230817 0.211356 0.0628446
0.605093 0.0394992 -0.0350348 0.230817 0.211356 0.0628446
0.605093 0.0394992 -0.0350348 0.230817 0.211356 0.0628446
0.605093 0.0394992 -0.0350348 0.230817 0.211356 0.0628446
0.605093 0.0394992 -0.0350348 0.230817 0.211356 0.0628446
0.605093 0.0394992 -0.0350348 0.230817 0.211356 0.0628446
0.605093 0.0394992 -0.0350348 0.230817 0.211356 0.0628446
0.605093 0.0394992 -0.0350348 0.230817 0.211356 0.0628446
0.605093 0.0394992 -0.0350348 0.230817 0.211356 0.0628446
0.611685 0.0387825 -0.0391401 0.230817 0.211356 0.0628446
0.611685 0.0387825 -0.0391401 0.230817 0.211356 0.0628446
0.611685 0.0387825 -0.0391401 0.230817 0.211356 0.0628446
0.611685 0.0387825 -0.0391401 0.230817 0.211356 0.0628446
0.611685 0.0387825 -0.0391401 0.230817 0.211356 0.0628446
0.611685 0.0387825 -0.0391401 0.230817 0.211356 0.0628446
0.611685 0.0387825 -0.0391401 0.230817 0.211356 0.0628446
0.611685 0.0387825 -0.0391401 0.230817 0.211356 0.0628446
0.611685 0.0387825 -0.0391401 0.230817 0.211356 0.0628446
0.611685 0.0387825 -0.0391401 0.230817 0.211356 0.0628446
0.611685 0.0387825 -0.0391401 0.230817 0.211356 0.0628446
0.611685 0.0387825 -0.0391401 0.230817 0.211356 0.0628446
0.611685 0.0387825 -0.0391401 0.230817 0.211356 0.0628446
0.707134 0.0377782 -0.0944657 0.230817 0.211356 0.0628446
0.707134 0.0377782 -0.0944657 0.230817 0.211356 0.0628446
0.714004 0.0388076 -0.0962344 0.230817 0.211356 0.0628446
0.722907 0.0379894 -0.0995739 0.230817 0.211356 0.0628446
0.722907 0.0379894 -0.0995739 0.230817 0.211356 0.0628446
0.722907 0.0379894 -0.0995739 0.230817 0.211356 0.0628446
0.729945 0.0390451 -0.101321 0.230817 0.211356 0.0628446
0.740854 0.0374247 -0.104333 0.230817 0.211356 0.0628446
0.740854 0.0374247 -0.104333 0.230817 0.211356 0.0628446
0.740854 0.0374247 -0.104333 0.230817 0.211356 0.0628446
0.740854 0.0374247 -0.104333 0.230817 0.211356 0.0628446
0.750678 0.0370295 -0.106446 0.230817 0.211356 0.0628446
0.761951 0.037503 -0.109475 0.230817 0.211356 0.0628446
0.773595 0.0367146 -0.110692 0.230817 0.211356 0.0628446
0.773595 0.0367146 -0.110692 0.230817 0.211356 0.0628446
0.773595 0.0367146 -0.110692 0.230817 0.211356 0.0628446
0.785837 0.0367801 -0.114213 0.230817 0.211356 0.0628446
0.785837 0.0367801 -0.114213 0.230817 0.211356 0.0628446
0.796571 0.0379227 -0.117813 0.230817 0.211356 0.0628446
0.806386 0.0375054 -0.118391 0.230817 0.211356 0.0628446
0.806386 0.0375054 -0.118391 0.230817 0.211356 0.0628446
0.806425 0.0375032 -0.118396 0.230817 0.211356 0.0628446
0.806425 0.0375032 -0.118396 0.230817 0.211356 0.0628446
0.806425 0.0375032 -0.118396 0.230817 0.211356 0.0628446
0.806425 0.0375032 -0.118396 0.230817 0.211356 0.0628446
0.806425 0.0375032 -0.118396 0.230817 0.211356 0.0628446
0.806425 0.0375032 -0.118396 0.230817 0.211356 0.0628446
0.806425 0.0375032 -0.118396 0.230817 0.211356 0.0628446
0.806425 0.0375032 -0.118396 0.230817 0.211356 0.0628446
0.806425 0.0375032 -0.118396 0.230817 0.211356 0.0628446
0.806425 0.0375032 -0.118396 0.230817 0.211356 0.0628446
0.806425 0.0375032 -0.118396 0.230817 0.211356 0.0628446
0.806425 0.0375032 -0.118396 0.230817 0.211356 0.0628446
0.921186 0.0526099 -0.0974071 0.230817 0.211356 0.0628446
0.921186 0.0526099 -0.0974071 0.230817 0.211356 0.0628446
0.974219 0.0534795 -0.107265 0.182789 0.207202 0.0617437
0.992422 0.054272 -0.113827 0.182789 0.207202 0.0617437
0.992422 0.054272 -0.113827 0.182789 0.207202 0.0617437
0.992422 0.054272 -0.113827 0.182789 0.207202 0.0617437
0.997333 0.0518717 -0.112821 0.182789 0.207202 0.0617437
1.00549 0.0556415 -0.119281 0.182789 0.207202 0.0617437
1.00549 0.0556415 -0.119281 0.182789 0.207202 0.0617437
1.01058 0.0543838 -0.118745 0.182789 0.207202 0.0617437
1.01058 0.0543838 -0.118745 0.182789 0.207202 0.0617437
1.02072 0.0533453 -0.121912 0.182789 0.207202 0.0617437
1.02299 0.0540254 -0.124651 0.182789 0.207202 0.0617437
1.02299 0.0540254 -0.124651 0.182789 0.207202 0.0617437
1.02373 0.0552298 -0.125685 0.182789 0.207202 0.0617437
1.02373 0.0552298 -0.125685 0.182789 0.207202 0.0617437
1.02373 0.0552298 -0.125685 0.182789 0.207202 0.0617437
1.02893 0.0529111 -0.125077 0.182789 0.207202 0.0617437
1.03199 0.0522226 -0.126313 0.182789 0.207202 0.0617437
1.03199 0.0522226 -0.126313 0.182789 0.207202 0.0617437
1.03481 0.0524018 -0.126666 0.182789 0.207202 0.0617437
1.03729 0.0534502 -0.129764 0.182789 0.207202 0.0617437
1.03729 0.0534502 -0.129764 0.182789 0.207202 0.0617437
1.03883 0.0515001 -0.130216 0.182789 0.207202 0.0617437
1.03883 0.0515001 -0.130216 0.182789 0.207202 0.0617437
1.04086 0.0529784 -0.131722 0.182789 0.207202 0.0617437
1.04086 0.0529784 -0.131722 0.182789 0.207202 0.0617437
1.04331 0.0528405 -0.132858 0.182789 0.207202 0.0617437
1.04331 0.0528405 -0.132858 0.182789 0.207202 0.0617437
1.04749 0.0531295 -0.134371 0.182789 0.207202 0.0617437
1.04749 0.0531295 -0.134371 0.182789 0.207202 0.0617437
1.0473 0.052089 -0.133761 0.182789 0.207202 0.0617437
1.0473 0.052089 -0.133761 0.182789 0.207202 0.0617437
1.04594 0.0532121 -0.134683 0.182789 0.207202 0.0617437
1.04594 0.0532121 -0.134683 0.182789 0.207202 0.0617437
1.04578 0.0532984 -0.134587 0.182789 0.207202 0.0617437
1.04578 0.0532984 -0.134587 0.182789 0.207202 0.0617437
1.04468 0.0527808 -0.134284 0.182789 0.207202 0.0617437
1.04468 0.0527808 -0.134284 0.182789 0.207202 0.0617437
1.04118 0.0526264 -0.132628 0.182789 0.207202 0.0617437
1.04682 0.0543781 -0.135483 0.182789 0.207202 0.0617437
1.04682 0.0543781 -0.135483 0.182789 0.207202 0.0617437
1.04761 0.0525912 -0.13466 0.182789 0.207202 0.0617437
1.04541 0.0538223 -0.134973 0.182789 0.207202 0.0617437
1.04541 0.0538223 -0.134973 0.182789 0.207202 0.0617437
1.04442 0.0514326 -0.133236 0.182789 0.207202 0.0617437
1.04694 0.0533784 -0.134646 0.182789 0.207202 0.0617437
1.04694 0.0533784 -0.134646 0.182789 0.207202 0.0617437
1.04615 0.0535725 -0.134266 0.182789 0.207202 0.0617437
1.04615 0.0535725 -0.134266 0.182789 0.207202 0.0617437
1.04628 0.0519073 -0.133469 0.182789 0.207202 0.0617437
1.04689 0.0522152 -0.133455 0.182789 0.207202 0.0617437
1.04359 0.0507144 -0.132469 0.182789 0.207202 0.0617437
1.04359 0.0507144 -0.132469 0.182789 0.207202 0.0617437
1.04623 0.0509075 -0.132684 0.182789 0.207202 0.0617437
1.04623 0.0509075 -0.132684 0.182789 0.207202 0.0617437
1.04435 0.0507053 -0.132446 0.182789 0.207202 0.0617437
1.04435 0.0507053 -0.132446 0.182789 0.207202 0.0617437
1.04646 0.0527157 -0.133792 0.182789 0.207202 0.0617437
1.05001 0.0530102 -0.135818 0.182789 0.207202 0.0617437
1.05001 0.0530102 -0.135818 0.182789 0.207202 0.0617437
1.04893 0.052334 -0.135218 0.182789 0.207202 0.0617437
1.04893 0.052334 -0.135218 0.182789 0.207202 0.0617437
1.0439 0.0539396 -0.133867 0.182789 0.207202 0.0617437
1.0439 0.0539396 -0.133867 0.182789 0.207202 0.0617437
1.04686 0.0510779 -0.133792 0.182789 0.207202 0.0617437
1.04866 0.0511038 -0.134184 0.182789 0.207202 0.0617437
1.0465 0.0524477 -0.134209 0.182789 0.207202 0.0617437
1.0465 0.0524477 -0.134209 0.182789 0.207202 0.0617437
1.04796 0.0520744 -0.134414 0.182789 0.207202 0.0617437
1.04796 0.0520744 -0.134414 0.182789 0.207202 0.0617437
1.04796 0.0520744 -0.134414 0.182789 0.207202 0.0617437
1.04684 0.0525793 -0.133753 0.182789 0.207202 0.0617437
1.05042 0.0519251 -0.135166 0.182789 0.207202 0.0617437
1.05227 0.0513658 -0.134534 0.182789 0.207202 0.0617437
1.05227 0.0513658 -0.134534 0.182789 0.207202 0.0617437
1.06174 0.0502665 -0.135961 0.182789 0.207202 0.0617437
1.06187 0.0502513 -0.135981 0.182789 0.207202 0.0617437
1.07197 0.0495792 -0.138706 0.182789 0.207202 0.0617437
1.07197 0.0495792 -0.138706 0.182789 0.207202 0.0617437
1.08218 0.0496784 -0.139786 0.182789 0.207202 0.0617437
1.09486 0.0489732 -0.143612 0.182789 0.207202 0.0617437
1.09486 0.0489732 -0.143612 0.182789 0.207202 0.0617437
1.09486 0.0489732 -0.143612 0.182789 0.207202 0.0617437
1.10655 0.0496326 -0.147301 0.182789 0.207202 0.0617437
1.10655 0.0496326 -0.147301 0.182789 0.207202 0.0617437
1.10655 0.0496326 -0.147301 0.182789 0.207202 0.0617437
1.10655 0.0496326 -0.147301 0.182789 0.207202 0.0617437
1.10655 0.0496326 -0.147301 0.182789 0.207202 0.0617437
1.10655 0.0496326 -0.147301 0.182789 0.207202 0.0617437
1.10655 0.0496326 -0.147301 0.182789 0.207202 0.0617437
1.10655 0.0496326 -0.147301 0.182789 0.207202 0.0617437
1.10655 0.0496326 -0.147301 0.182789 0.207202 0.0617437
1.15242 0.0471063 -0.155093 0.182789 0.207202 0.0617437
1.15242 0.0471063 -0.155093 0.182789 0.207202 0.0617437
1.15242 0.0471063 -0.155093 0.182789 0.207202 0.0617437
1.17563 0.0437905 -0.15853 0.182789 0.207202 0.0617437
1.18781 0.0440124 -0.162597 0.182789 0.207202 0.0617437
1.18781 0.0440124 -0.162597 0.182789 0.207202 0.0617437
1.19833 0.0428784 -0.164061 0.182789 0.207202 0.0617437
1.2085 0.0433768 -0.165269 0.182789 0.207202 0.0617437
1.2085 0.0433768 -0.165269 0.182789 0.207202 0.0617437
1.2085 0.0433768 -0.165269 0.182789 0.207202 0.0617437
1.23155 0.0418472 -0.166912 0.182789 0.207202 0.0617437
1.23155 0.0418472 -0.166912 0.182789 0.207202 0.0617437
1.23155 0.0418472 -0.166912 0.182789 0.207202 0.0617437
1.24061 0.0409342 -0.167097 0.182789 0.207202 0.0617437
1.25103 0.0411585 -0.168829 0.182789 0.207202 0.0617437
1.25103 0.0411585 -0.168829 0.182789 0.207202 0.0617437
1.26438 0.0388139 -0.169163 0.182789 0.207202 0.0617437
1.27505 0.0393045 -0.169598 0.182789 0.207202 0.0617437
1.27505 0.0393045 -0.169598 0.182789 0.207202 0.0617437
1.28543 0.0380124 -0.16967 0.182789 0.207202 0.0617437
1.28543 0.0380124 -0.16967 0.182789 0.207202 0.0617437
1.29523 0.0395786 -0.172514 0.182789 0.207202 0.0617437
1.29523 0.0395786 -0.172514 0.182789 0.207202 0.0617437
1.29523 0.0395786 -0.172514 0.182789 0.207202 0.0617437
1.30898 0.0365693 -0.171405 0.182789 0.207202 0.0617437
1.30898 0.0365693 -0.171405 0.182789 0.207202 0.0617437
1.30898 0.0365693 -0.171405 0.182789 0.207202 0.0617437
1.30898 0.0365693 -0.171405 0.182789 0.207202 0.0617437
1.30898 0.0365693 -0.171405 0.182789 0.207202 0.0617437
1.30898 0.0365693 -0.171405 0.182789 0.207202 0.0617437
1.30898 0.0365693 -0.171405 0.182789 0.207202 0.0617437
1.30898 0.0365693 -0.171405 0.182789 0.207202 0.0617437
1.30898 0.0365693 -0.171405 0.182789 0.207202 0.0617437
1.30898 0.0365693 -0.171405 0.182789 0.207202 0.0617437
1.30898 0.0365693 -0.171405 0.182789 0.207202 0.0617437
1.30898 0.0365693 -0.171405 0.182789 0.207202 0.0617437
1.30898 0.0365693 -0.171405 0.182789 0.207202 0.0617437
1.30898 0.0365693 -0.171405 0.182789 0.207202 0.0617437
1.30898 0.0365693 -0.171405 0.182789 0.207202 0.0617437
1.41362 0.0533849 -0.162013 0.154401 0.244251 0.0636776
1.41362 0.0533849 -0.162013 0.154401 0.244251 0.0636776
1.42045 0.0532249 -0.163964 0.154401 0.244251 0.0636776
1.42045 0.0532249 -0.163964 0.154401 0.244251 0.0636776
1.44233 0.0531387 -0.166531 0.154401 0.244251 0.0636776
1.4559 0.0537255 -0.166913 0.154401 0.244251 0.0636776
1.4559 0.0537255 -0.166913 0.154401 0.244251 0.0636776
1.46451 0.0544341 -0.168175 0.154401 0.244251 0.0636776
1.46451 0.0544341 -0.168175 0.154401 0.244251 0.0636776
1.46451 0.0544341 -0.168175 0.154401 0.244251 0.0636776
1.47861 0.0511049 -0.166371 0.154401 0.244251 0.0636776
1.49161 0.0493857 -0.16526 0.154401 0.244251 0.0636776
1.49161 0.0493857 -0.16526 0.154401 0.244251 0.0636776
1.50374 0.049294 -0.167295 0.154401 0.244251 0.0636776
1.51706 0.048305 -0.168583 0.154401 0.244251 0.0636776
1.51706 0.048305 -0.168583 0.154401 0.244251 0.0636776
1.53011 0.0487779 -0.171878 0.154401 0.244251 0.0636776
1.53011 0.0487779 -0.171878 0.154401 0.244251 0.0636776
1.53011 0.0487779 -0.171878 0.154401 0.244251 0.0636776
1.53011 0.0487779 -0.171878 0.154401 0.244251 0.0636776
1.53011 0.0487779 -0.171878 0.154401 0.244251 0.0636776
1.53011 0.0487779 -0.171878 0.154401 0.244251 0.0636776
1.53011 0.0487779 -0.171878 0.154401 0.244251 0.0636776
1.57478 0.0420684 -0.172614 0.154401 0.244251 0.0636776
1.57478 0.0420684 -0.172614 0.154401 0.244251 0.0636776
1.58732 0.04107 -0.17562 0.154401 0.244251 0.0636776
1.58732 0.04107 -0.17562 0.154401 0.244251 0.0636776
1.58732 0.04107 -0.17562 0.154401 0.244251 0.0636776
1.58732 0.04107 -0.17562 0.154401 0.244251 0.0636776
1.58732 0.04107 -0.17562 0.154401 0.244251 0.0636776
1.58732 0.04107 -0.17562 0.154401 0.244251 0.0636776
1.58732 0.04107 -0.17562 0.154401 0.244251 0.0636776
1.59877 0.0387761 -0.17583 0.154401 0.244251 0.0636776
1.64701 0.0365405 -0.189907 0.154401 0.244251 0.0636776
1.656 0.0373269 -0.194745 0.154401 0.244251 0.0636776
1.66636 0.036482 -0.200346 0.154401 0.244251 0.0636776
1.66636 0.036482 -0.200346 0.154401 0.244251 0.0636776
1.67847 0.0340741 -0.204518 0.154401 0.244251 0.0636776
1.67847 0.0340741 -0.204518 0.154401 0.244251 0.0636776
1.69447 0.0334437 -0.211303 0.154401 0.244251 0.0636776
1.69447 0.0334437 -0.211303 0.154401 0.244251 0.0636776
1.70592 0.0300787 -0.215662 0.154401 0.244251 0.0636776
1.70592 0.0300787 -0.215662 0.154401 0.244251 0.0636776
1.72176 0.0307774 -0.224664 0.154401 0.244251 0.0636776
1.72176 0.0307774 -0.224664 0.154401 0.244251 0.0636776
1.72176 0.0307774 -0.224664 0.154401 0.244251 0.0636776
1.72176 0.0307774 -0.224664 0.154401 0.244251 0.0636776
1.7353 0.0306382 -0.230887 0.154401 0.244251 0.0636776
1.7353 0.0306382 -0.230887 0.154401 0.244251 0.0636776
1.7353 0.0306382 -0.230887 0.154401 0.244251 0.0636776
1.7353 0.0306382 -0.230887 0.154401 0.244251 0.0636776
1.7353 0.0306382 -0.230887 0.154401 0.244251 0.0636776
1.7353 0.0306382 -0.230887 0.154401 0.244251 0.0636776
1.7353 0.0306382 -0.230887 0.154401 0.244251 0.0636776
1.7353 0.0306382 -0.230887 0.154401 0.244251 0.0636776
1.7353 0.0306382 -0.230887 0.154401 0.244251 0.0636776
1.7353 0.0306382 -0.230887 0.154401 0.244251 0.0636776
1.7353 0.0306382 -0.230887 0.154401 0.244251 0.0636776
1.80298 0.134534 -0.243363 0.154401 0.244251 0.0636776
1.80298 0.134534 -0.243363 0.154401 0.244251 0.0636776
1.80298 0.134534 -0.243363 0.154401 0.244251 0.0636776
1.80298 0.134534 -0.243363 0.154401 0.244251 0.0636776
1.83037 0.128307 -0.257124 0.163305 0.294432 0.0614755
1.85611 0.124367 -0.273379 0.163305 0.294432 0.0614755
1.86622 0.121548 -0.275631 0.163305 0.294432 0.0614755
1.86622 0.121548 -0.275631 0.163305 0.294432 0.0614755
1.87927 0.120282 -0.286141 0.163305 0.294432 0.0614755
1.87927 0.120282 -0.286141 0.163305 0.294432 0.0614755
1.89259 0.118205 -0.289619 0.163305 0.294432 0.0614755
1.90674 0.116231 -0.295741 0.163305 0.294432 0.0614755
1.90674 0.116231 -0.295741 0.163305 0.294432 0.0614755
1.92108 0.111735 -0.303356 0.163305 0.294432 0.0614755
1.93552 0.109878 -0.309061 0.163305 0.294432 0.0614755
1.93552 0.109878 -0.309061 0.163305 0.294432 0.0614755
1.9356 0.109868 -0.309082 0.163305 0.294432 0.0614755
1.9356 0.109868 -0.309082 0.163305 0.294432 0.0614755
1.9356 0.109868 -0.309082 0.163305 0.294432 0.0614755
1.9356 0.109868 -0.309082 0.163305 0.294432 0.0614755
1.9356 0.109868 -0.309082 0.163305 0.294432 0.0614755
1.9356 0.109868 -0.309082 0.163305 0.294432 0.0614755
1.9356 0.109868 -0.309082 0.163305 0.294432 0.0614755
1.9356 0.109868 -0.309082 0.163305 0.294432 0.0614755
1.9356 0.109868 -0.309082 0.163305 0.294432 0.0614755
1.9356 0.109868 -0.309082 0.163305 0.294432 0.0614755
1.9356 0.109868 -0.309082 0.163305 0.294432 0.0614755
2.0198 0.0951348 -0.33382 0.163305 0.294432 0.0614755
2.04535 0.0933245 -0.341873 0.163305 0.294432 0.0614755
2.0792 0.0778376 -0.355797 0.163305 0.294432 0.0614755
2.0918 0.0727757 -0.363723 0.163305 0.294432 0.0614755
2.10666 0.0682799 -0.376745 0.163305 0.294432 0.0614755
2.1212 0.0654525 -0.390361 0.163305 0.294432 0.0614755
2.1212 0.0654525 -0.390361 0.163305 0.294432 0.0614755
2.13493 0.0616411 -0.398643 0.163305 0.294432 0.0614755
2.15078 0.0546047 -0.40572 0.163305 0.294432 0.0614755
2.15078 0.0546047 -0.40572 0.163305 0.294432 0.0614755
2.15084 0.0545867 -0.405755 0.163305 0.294432 0.0614755
2.15084 0.0545867 -0.405755 0.163305 0.294432 0.0614755
2.15084 0.0545867 -0.405755 0.163305 0.294432 0.0614755
2.15084 0.0545867 -0.405755 0.163305 0.294432 0.0614755
2.15084 0.0545867 -0.405755 0.163305 0.294432 0.0614755
2.15084 0.0545867 -0.405755 0.163305 0.294432 0.0614755
2.15084 0.0545867 -0.405755 0.163305 0.294432 0.0614755
2.15084 0.0545867 -0.405755 0.163305 0.294432 0.0614755
2.15084 0.0545867 -0.405755 0.163305 0.294432 0.0614755
2.15084 0.0545867 -0.405755 0.163305 0.294432 0.0614755
2.15084 0.0545867 -0.405755 0.163305 0.294432 0.0614755
2.15084 0.0545867 -0.405755 0.163305 0.294432 0.0614755
2.15084 0.0545867 -0.405755 0.163305 0.294432 0.0614755
2.15084 0.0545867 -0.405755 0.163305 0.294432 0.0614755
2.15084 0.0545867 -0.405755 0.163305 0.294432 0.0614755
2.15084 0.0545867 -0.405755 0.163305 0.294432 0.0614755
2.15084 0.0545867 -0.405755 0.163305 0.294432 0.0614755
2.27142 0.123308 -0.421469 0.180185 0.343974 0.0585185
2.27142 0.123308 -0.421469 0.180185 0.343974 0.0585185
2.27142 0.123308 -0.421469 0.180185 0.343974 0.0585185
2.30229 0.1168 -0.442548 0.180185 0.343974 0.0585185
2.30229 0.1168 -0.442548 0.180185 0.343974 0.0585185
2.30229 0.1168 -0.442548 0.180185 0.343974 0.0585185
2.33611 0.103194 -0.462029 0.180185 0.343974 0.0585185
2.36102 0.0969934 -0.476874 0.180185 0.343974 0.0585185
2.36102 0.0969934 -0.476874 0.180185 0.343974 0.0585185
2.36113 0.0969676 -0.476938 0.180185 0.343974 0.0585185
2.37044 0.0936221 -0.483642 0.180185 0.343974 0.0585185
2.38374 0.0889646 -0.493004 0.180185 0.343974 0.0585185
2.38374 0.0889646 -0.493004 0.180185 0.343974 0.0585185
2.38381 0.0889298 -0.493025 0.180185 0.343974 0.0585185
2.38381 0.0889298 -0.493025 0.180185 0.343974 0.0585185
2.38381 0.0889298 -0.493025 0.180185 0.343974 0.0585185
2.38381 0.0889298 -0.493025 0.180185 0.343974 0.0585185
2.38381 0.0889298 -0.493025 0.180185 0.343974 0.0585185
2.38381 0.0889298 -0.493025 0.180185 0.343974 0.0585185
2.38381 0.0889298 -0.493025 0.180185 0.343974 0.0585185
2.38381 0.0889298 -0.493025 0.180185 0.343974 0.0585185
2.45327 0.0647045 -0.533744 0.180185 0.343974 0.0585185
2.45327 0.0647045 -0.533744 0.180185 0.343974 0.0585185
2.45327 0.0647045 -0.533744 0.180185 0.343974 0.0585185
2.48779 0.0445919 -0.560409 0.180185 0.343974 0.0585185
2.48779 0.0445919 -0.560409 0.180185 0.343974 0.0585185
2.50017 0.039737 -0.569436 0.180185 0.343974 0.0585185
2.51054 0.0340377 -0.579979 0.180185 0.343974 0.0585185
2.51054 0.0340377 -0.579979 0.180185 0.343974 0.0585185
2.52469 0.0303926 -0.590487 0.180185 0.343974 0.0585185
2.53254 0.0223503 -0.598104 0.180185 0.343974 0.0585185
2.53254 0.0223503 -0.598104 0.180185 0.343974 0.0585185
2.54283 0.0171133 -0.608465 0.180185 0.343974 0.0585185
2.5515 0.00836808 -0.615538 0.180185 0.343974 0.0585185
2.56391 0.00325395 -0.62682 0.180185 0.343974 0.0585185
2.56391 0.00325395 -0.62682 0.180185 0.343974 0.0585185
2.56859 -0.00221643 -0.636667 0.180185 0.343974 0.0585185
2.56859 -0.00221643 -0.636667 0.180185 0.343974 0.0585185
2.56859 -0.00221643 -0.636667 0.180185 0.343974 0.0585185
2.57475 -0.0103224 -0.644372 0.180185 0.343974 0.0585185
2.58371 -0.0148049 -0.654609 0.180185 0.343974 0.0585185
2.58371 -0.0148049 -0.654609 0.180185 0.343974 0.0585185
2.59324 -0.0196981 -0.667106 0.180185 0.343974 0.0585185
2.60086 -0.0290775 -0.67505 0.180185 0.343974 0.0585185
2.61041 -0.0342125 -0.68817 0.180185 0.343974 0.0585185
2.61041 -0.0342125 -0.68817 0.180185 0.343974 0.0585185
2.61041 -0.0342125 -0.68817 0.180185 0.343974 0.0585185
2.61046 -0.0342407 -0.688223 0.180185 0.343974 0.0585185
2.61046 -0.0342407 -0.688223 0.180185 0.343974 0.0585185
2.61046 -0.0342407 -0.688223 0.180185 0.343974 0.0585185
2.61046 -0.0342407 -0.688223 0.180185 0.343974 0.0585185
2.61046 -0.0342407 -0.688223 0.180185 0.343974 0.0585185
2.61046 -0.0342407 -0.688223 0.180185 0.343974 0.0585185
2.61046 -0.0342407 -0.688223 0.180185 0.343974 0.0585185
2.61046 -0.0342407 -0.688223 0.180185 0.343974 0.0585185
2.61046 -0.0342407 -0.688223 0.180185 0.343974 0.0585185
2.61046 -0.0342407 -0.688223 0.180185 0.343974 0.0585185
2.72136 -0.0962732 -0.755101 0.180185 0.343974 0.0585185
2.72136 -0.0962732 -0.755101 0.180185 0.343974 0.0585185
2.72136 -0.0962732 -0.755101 0.180185 0.343974 0.0585185
2.73397 -0.101424 -0.770153 0.188173 0.369141 0.0552706
2.73397 -0.101424 -0.770153 0.188173 0.369141 0.0552706
2.73397 -0.101424 -0.770153 0.188173 0.369141 0.0552706
2.73397 -0.101424 -0.770153 0.188173 0.369141 0.0552706
2.73397 -0.101424 -0.770153 0.188173 0.369141 0.0552706
2.73397 -0.101424 -0.770153 0.188173 0.369141 0.0552706
2.73397 -0.101424 -0.770153 0.188173 0.369141 0.0552706
2.77363 -0.148306 -0.824745 0.188173 0.369141 0.0552706
2.77363 -0.148306 -0.824745 0.188173 0.369141 0.0552706
2.78017 -0.152812 -0.838123 0.188173 0.369141 0.0552706
2.78758 -0.164128 -0.850484 0.188173 0.369141 0.0552706
2.78758 -0.164128 -0.850484 0.188173 0.369141 0.0552706
2.80722 -0.177138 -0.878963 0.188173 0.369141 0.0552706
2.80722 -0.177138 -0.878963 0.188173 0.369141 0.0552706
2.81611 -0.19008 -0.89272 0.188173 0.369141 0.0552706
2.82632 -0.19364 -0.91048 0.188173 0.369141 0.0552706
2.82632 -0.19364 -0.91048 0.188173 0.369141 0.0552706
2.83615 -0.199812 -0.926644 0.188173 0.369141 0.0552706
2.83615 -0.199812 -0.926644 0.188173 0.369141 0.0552706
2.84471 -0.210063 -0.941395 0.188173 0.369141 0.0552706
2.84471 -0.210063 -0.941395 0.188173 0.369141 0.0552706
2.84471 -0.210063 -0.941395 0.188173 0.369141 0.0552706
2.84471 -0.210063 -0.941395 0.188173 0.369141 0.0552706
2.84471 -0.210063 -0.941395 0.188173 0.369141 0.0552706
2.84471 -0.210063 -0.941395 0.188173 0.369141 0.0552706
2.84471 -0.210063 -0.941395 0.188173 0.369141 0.0552706
2.87143 -0.249928 -1.00465 0.188173 0.369141 0.0552706
2.87143 -0.249928 -1.00465 0.188173 0.369141 0.0552706
2.87143 -0.249928 -1.00465 0.188173 0.369141 0.0552706
2.87143 -0.249928 -1.00465 0.188173 0.369141 0.0552706
2.87143 -0.249928 -1.00465 0.188173 0.369141 0.0552706
2.87143 -0.249928 -1.00465 0.188173 0.369141 0.0552706
2.87143 -0.249928 -1.00465 0.188173 0.369141 0.0552706
2.87143 -0.249928 -1.00465 0.188173 0.369141 0.0552706
2.87143 -0.249928 -1.00465 0.188173 0.369141 0.0552706
2.89438 -0.279843 -1.05967 0.188173 0.369141 0.0552706
2.89438 -0.279843 -1.05967 0.188173 0.369141 0.0552706
2.9151 -0.314614 -1.12568 0.188173 0.369141 0.0552706
2.92533 -0.34014 -1.1655 0.188173 0.369141 0.0552706
2.92533 -0.34014 -1.1655 0.188173 0.369141 0.0552706
2.92533 -0.34014 -1.1655 0.188173 0.369141 0.0552706
2.93273 -0.35971 -1.19355 0.188173 0.369141 0.0552706
2.93653 -0.366326 -1.20633 0.188173 0.369141 0.0552706
2.93653 -0.366326 -1.20633 0.188173 0.369141 0.0552706
2.93653 -0.366326 -1.20633 0.188173 0.369141 0.0552706
2.93653 -0.366326 -1.20633 0.188173 0.369141 0.0552706
2.94371 -0.383473 -1.2244 0.188173 0.369141 0.0552706
2.94528 -0.394279 -1.23189 0.188173 0.369141 0.0552706
2.95042 -0.400257 -1.24155 0.188173 0.369141 0.0552706
2.95042 -0.400257 -1.24155 0.188173 0.369141 0.0552706
2.95042 -0.400257 -1.24155 0.188173 0.369141 0.0552706
2.95042 -0.400257 -1.24155 0.188173 0.369141 0.0552706
2.95042 -0.400257 -1.24155 0.188173 0.369141 0.0552706
2.95042 -0.400257 -1.24155 0.188173 0.369141 0.0552706
2.95042 -0.400257 -1.24155 0.188173 0.369141 0.0552706
2.95042 -0.400257 -1.24155 0.188173 0.369141 0.0552706
2.95042 -0.400257 -1.24155 0.188173 0.369141 0.0552706
2.95042 -0.400257 -1.24155 0.188173 0.369141 0.0552706
2.95042 -0.400257 -1.24155 0.188173 0.369141 0.0552706
2.95042 -0.400257 -1.24155 0.188173 0.369141 0.0552706
2.95042 -0.400257 -1.24155 0.188173 0.369141 0.0552706
2.95042 -0.400257 -1.24155 0.188173 0.369141 0.0552706
3.0495 -0.476967 -1.27745 0.181589 0.323219 0.0479484
3.0495 -0.476967 -1.27745 0.181589 0.323219 0.0479484
3.0495 -0.476967 -1.27745 0.181589 0.323219 0.0479484
3.0495 -0.476967 -1.27745 0.181589 0.323219 0.0479484
3.0495 -0.476967 -1.27745 0.181589 0.323219 0.0479484
3.0495 -0.476967 -1.27745 0.181589 0.323219 0.0479484
3.05438 -0.487164 -1.29708 0.181589 0.323219 0.0479484
3.05438 -0.487164 -1.29708 0.181589 0.323219 0.0479484
3.05438 -0.487164 -1.29708 0.181589 0.323219 0.0479484
3.05438 -0.487164 -1.29708 0.181589 0.323219 0.0479484
3.05438 -0.487164 -1.29708 0.181589 0.323219 0.0479484
3.05895 -0.503401 -1.31488 0.181589 0.323219 0.0479484
3.07432 -0.557076 -1.36184 0.181589 0.323219 0.0479484
3.07717 -0.567732 -1.36717 0.181589 0.323219 0.0479484
3.07717 -0.567732 -1.36717 0.181589 0.323219 0.0479484
3.07943 -0.571404 -1.37285 0.181589 0.323219 0.0479484
3.08023 -0.58131 -1.3783 0.181589 0.323219 0.0479484
3.08457 -0.592321 -1.3863 0.181589 0.323219 0.0479484
3.08881 -0.601726 -1.39408 0.181589 0.323219 0.0479484
3.08881 -0.601726 -1.39408 0.181589 0.323219 0.0479484
3.08881 -0.601726 -1.39408 0.181589 0.323219 0.0479484
3.0972 -0.613287 -1.40462 0.181589 0.323219 0.0479484
3.09405 -0.626693 -1.40582 0.181589 0.323219 0.0479484
3.09405 -0.626693 -1.40582 0.181589 0.323219 0.0479484
3.09405 -0.626693 -1.40582 0.181589 0.323219 0.0479484
3.09405 -0.626693 -1.40582 0.181589 0.323219 0.0479484
3.09405 -0.626693 -1.40582 0.181589 0.323219 0.0479484
3.09405 -0.626693 -1.40582 0.181589 0.323219 0.0479484
3.09405 -0.626693 -1.40582 0.181589 0.323219 0.0479484
3.09405 -0.626693 -1.40582 0.181589 0.323219 0.0479484
3.09405 -0.626693 -1.40582 0.181589 0.323219 0.0479484
3.09964 -0.632557 -1.41479 0.181589 0.323219 0.0479484
3.09964 -0.632557 -1.41479 0.181589 0.323219 0.0479484
3.09964 -0.632557 -1.41479 0.181589 0.323219 0.0479484
3.10562 -0.69135 -1.43673 0.181589 0.323219 0.0479484
3.10562 -0.69135 -1.43673 0.181589 0.323219 0.0479484
3.10939 -0.72123 -1.44414 0.181589 0.323219 0.0479484
3.10939 -0.72123 -1.44414 0.181589 0.323219 0.0479484
3.10939 -0.72123 -1.44414 0.181589 0.323219 0.0479484
3.10939 -0.72123 -1.44414 0.181589 0.323219 0.0479484
3.12198 -0.773831 -1.46691 0.181589 0.323219 0.0479484
3.12375 -0.792841 -1.46895 0.181589 0.323219 0.0479484
3.12375 -0.792841 -1.46895 0.181589 0.323219 0.0479484
3.12288 -0.802785 -1.47258 0.181589 0.323219 0.0479484
3.12693 -0.814197 -1.47694 0.181589 0.323219 0.0479484
3.12932 -0.821106 -1.48202 0.181589 0.323219 0.0479484
3.12987 -0.839247 -1.48313 0.181589 0.323219 0.0479484
3.12987 -0.839247 -1.48313 0.181589 0.323219 0.0479484
3.12987 -0.839247 -1.48313 0.181589 0.323219 0.0479484
3.12987 -0.839247 -1.48313 0.181589 0.323219 0.0479484
3.12987 -0.839247 -1.48313 0.181589 0.323219 0.0479484
3.12987 -0.839247 -1.48313 0.181589 0.323219 0.0479484
3.12987 -0.839247 -1.48313 0.181589 0.323219 0.0479484
3.12987 -0.839247 -1.48313 0.181589 0.323219 0.0479484
3.12987 -0.839247 -1.48313 0.181589 0.323219 0.0479484
3.12987 -0.839247 -1.48313 0.181589 0.323219 0.0479484
3.12987 -0.839247 -1.48313 0.181589 0.323219 0.0479484
3.21549 -0.913809 -1.4635 0.196525 0.290111 0.0395515
3.21549 -0.913809 -1.4635 0.196525 0.290111 0.0395515
3.21549 -0.913809 -1.4635 0.196525 0.290111 0.0395515
3.21549 -0.913809 -1.4635 0.196525 0.290111 0.0395515
3.2189 -0.922858 -1.46698 0.196525 0.290111 0.0395515
3.2189 -0.922858 -1.46698 0.196525 0.290111 0.0395515
3.2189 -0.922858 -1.46698 0.196525 0.290111 0.0395515
3.22158 -0.943224 -1.47118 0.196525 0.290111 0.0395515
3.22656 -0.991132 -1.47915 0.196525 0.290111 0.0395515
3.22656 -0.991132 -1.47915 0.196525 0.290111 0.0395515
3.22879 -1.00721 -1.48281 0.196525 0.290111 0.0395515
3.22879 -1.00721 -1.48281 0.196525 0.290111 0.0395515
3.23255 -1.00999 -1.48847 0.196525 0.290111 0.0395515
3.23168 -1.02435 -1.48874 0.196525 0.290111 0.0395515
3.23168 -1.02435 -1.48874 0.196525 0.290111 0.0395515
3.23168 -1.02435 -1.48874 0.196525 0.290111 0.0395515
3.23168 -1.02435 -1.48874 0.196525 0.290111 0.0395515
3.23168 -1.02435 -1.48874 0.196525 0.290111 0.0395515
3.23168 -1.02435 -1.48874 0.196525 0.290111 0.0395515
3.23168 -1.02435 -1.48874 0.196525 0.290111 0.0395515
3.23416 -1.0795 -1.50145 0.196525 0.290111 0.0395515
3.23416 -1.0795 -1.50145 0.196525 0.290111 0.0395515
3.23416 -1.0795 -1.50145 0.196525 0.290111 0.0395515
3.23416 -1.0795 -1.50145 0.196525 0.290111 0.0395515
3.23183 -1.10361 -1.5039 0.196525 0.290111 0.0395515
3.23921 -1.13342 -1.52018 0.196525 0.290111 0.0395515
3.23921 -1.13342 -1.52018 0.196525 0.290111 0.0395515
3.23895 -1.14551 -1.52433 0.196525 0.290111 0.0395515
3.23895 -1.14551 -1.52433 0.196525 0.290111 0.0395515
3.23992 -1.15459 -1.53009 0.196525 0.290111 0.0395515
3.23921 -1.16323 -1.53183 0.196525 0.290111 0.0395515
3.23921 -1.16323 -1.53183 0.196525 0.290111 0.0395515
3.23921 -1.16323 -1.53183 0.196525 0.290111 0.0395515
3.23921 -1.16323 -1.53183 0.196525 0.290111 0.0395515
3.238 -1.1952 -1.54667 0.196525 0.290111 0.0395515
3.23603 -1.20539 -1.55115 0.196525 0.290111 0.0395515
3.23881 -1.21922 -1.56075 0.196525 0.290111 0.0395515
3.23881 -1.21922 -1.56075 0.196525 0.290111 0.0395515
3.23759 -1.23578 -1.56576 0.196525 0.290111 0.0395515
3.23759 -1.23578 -1.56576 0.196525 0.290111 0.0395515
3.23759 -1.23578 -1.56576 0.196525 0.290111 0.0395515
3.23759 -1.23578 -1.56576 0.196525 0.290111 0.0395515
3.23759 -1.23578 -1.56576 0.196525 0.290111 0.0395515
3.23759 -1.23578 -1.56576 0.196525 0.290111 0.0395515
3.23759 -1.23578 -1.56576 0.196525 0.290111 0.0395515
3.23759 -1.23578 -1.56576 0.196525 0.290111 0.0395515
3.23759 -1.23578 -1.56576 0.196525 0.290111 0.0395515
3.23759 -1.23578 -1.56576 0.196525 0.290111 0.0395515
3.23759 -1.23578 -1.56576 0.196525 0.290111 0.0395515
3.23759 -1.23578 -1.56576 0.196525 0.290111 0.0395515
3.25382 -1.28964 -1.59412 0.196525 0.290111 0.0395515
3.25382 -1.28964 -1.59412 0.196525 0.290111 0.0395515
3.25369 -1.30491 -1.60046 0.198381 0.278465 0.0331129
3.25369 -1.30491 -1.60046 0.198381 0.278465 0.0331129
3.25369 -1.30491 -1.60046 0.198381 0.278465 0.0331129
3.25369 -1.30491 -1.60046 0.198381 0.278465 0.0331129
3.25369 -1.30491 -1.60046 0.198381 0.278465 0.0331129
3.25369 -1.30491 -1.60046 0.198381 0.278465 0.0331129
3.25033 -1.36736 -1.62016 0.198381 0.278465 0.0331129
3.25033 -1.36736 -1.62016 0.198381 0.278465 0.0331129
3.25033 -1.36736 -1.62016 0.198381 0.278465 0.0331129
3.25033 -1.36736 -1.62016 0.198381 0.278465 0.0331129
3.25033 -1.36736 -1.62016 0.198381 0.278465 0.0331129
3.25033 -1.36736 -1.62016 0.198381 0.278465 0.0331129
3.25033 -1.36736 -1.62016 0.198381 0.278465 0.0331129
3.25033 -1.36736 -1.62016 0.198381 0.278465 0.0331129
3.25033 -1.36736 -1.62016 0.198381 0.278465 0.0331129
3.25033 -1.36736 -1.62016 0.198381 0.278465 0.0331129
3.25033 -1.36736 -1.62016 0.198381 0.278465 0.0331129
3.25033 -1.36736 -1.62016 0.198381 0.278465 0.0331129
3.25033 -1.36736 -1.62016 0.198381 0.278465 0.0331129
3.25033 -1.36736 -1.62016 0.198381 0.278465 0.0331129
3.25033 -1.36736 -1.62016 0.198381 0.278465 0.0331129
3.25033 -1.36736 -1.62016 0.198381 0.278465 0.0331129
3.25033 -1.36736 -1.62016 0.198381 0.278465 0.0331129
3.23893 -1.45249 -1.64338 0.198381 0.278465 0.0331129
3.23481 -1.47522 -1.65335 0.198381 0.278465 0.0331129
3.22919 -1.50185 -1.6607 0.198381 0.278465 0.0331129
3.22919 -1.50185 -1.6607 0.198381 0.278465 0.0331129
3.22225 -1.53784 -1.66747 0.198381 0.278465 0.0331129
3.21411 -1.59405 -1.68315 0.198381 0.278465 0.0331129
3.21411 -1.59405 -1.68315 0.198381 0.278465 0.0331129
3.21411 -1.59405 -1.68315 0.198381 0.278465 0.0331129
3.21411 -1.59405 -1.68315 0.198381 0.278465 0.0331129
3.21411 -1.59405 -1.68315 0.198381 0.278465 0.0331129
3.21411 -1.59405 -1.68315 0.198381 0.278465 0.0331129
3.21411 -1.59405 -1.68315 0.198381 0.278465 0.0331129
3.21411 -1.59405 -1.68315 0.198381 0.278465 0.0331129
3.21411 -1.59405 -1.68315 0.198381 0.278465 0.0331129
3.21411 -1.59405 -1.68315 0.198381 0.278465 0.0331129
3.19837 -1.48488 -1.6699 0.198381 0.278465 0.0331129
3.19837 -1.48488 -1.6699 0.198381 0.278465 0.0331129
3.18772 -1.58534 -1.68061 0.204518 0.299845 0.0334482
3.18772 -1.58534 -1.68061 0.204518 0.299845 0.0334482
3.18772 -1.58534 -1.68061 0.204518 0.299845 0.0334482
3.17726 -1.66294 -1.67406 0.204518 0.299845 0.0334482
3.17456 -1.67476 -1.67054 0.204518 0.299845 0.0334482
3.17456 -1.67476 -1.67054 0.204518 0.299845 0.0334482
3.17456 -1.67476 -1.67054 0.204518 0.299845 0.0334482
3.17456 -1.67476 -1.67054 0.204518 0.299845 0.0334482
3.17456 -1.67476 -1.67054 0.204518 0.299845 0.0334482
3.17456 -1.67476 -1.67054 0.204518 0.299845 0.0334482
3.17456 -1.67476 -1.67054 0.204518 0.299845 0.0334482
3.17456 -1.67476 -1.67054 0.204518 0.299845 0.0334482
3.17456 -1.67476 -1.67054 0.204518 0.299845 0.0334482
3.16758 -1.73225 -1.66623 0.204518 0.299845 0.0334482
3.1616 -1.78913 -1.66568 0.204518 0.299845 0.0334482
3.1616 -1.78913 -1.66568 0.204518 0.299845 0.0334482
3.16164 -1.8023 -1.66741 0.204518 0.299845 0.0334482
3.15865 -1.81356 -1.66468 0.204518 0.299845 0.0334482
3.15865 -1.81356 -1.66468 0.204518 0.299845 0.0334482
3.15539 -1.83754 -1.66678 0.204518 0.299845 0.0334482
3.15539 -1.83754 -1.66678 0.204518 0.299845 0.0334482
3.15096 -1.85003 -1.66343 0.204518 0.299845 0.0334482
3.14954 -1.85946 -1.66556 0.204518 0.299845 0.0334482
3.14678 -1.87077 -1.66585 0.204518 0.299845 0.0334482
3.14678 -1.87077 -1.66585 0.204518 0.299845 0.0334482
3.14363 -1.89753 -1.66716 0.204518 0.299845 0.0334482
3.14363 -1.89753 -1.66716 0.204518 0.299845 0.0334482
3.14363 -1.89753 -1.66716 0.204518 0.299845 0.0334482
3.14364 -1.8976 -1.66718 0.204518 0.299845 0.0334482
3.14364 -1.8976 -1.66718 0.204518 0.299845 0.0334482
3.14364 -1.8976 -1.66718 0.204518 0.299845 0.0334482
3.14364 -1.8976 -1.66718 0.204518 0.299845 0.0334482
3.14364 -1.8976 -1.66718 0.204518 0.299845 0.0334482
3.14364 -1.8976 -1.66718 0.204518 0.299845 0.0334482
3.14364 -1.8976 -1.66718 0.204518 0.299845 0.0334482
3.14364 -1.8976 -1.66718 0.204518 0.299845 0.0334482
3.14364 -1.8976 -1.66718 0.204518 0.299845 0.0334482
3.16621 -1.80414 -1.63206 0.204518 0.299845 0.0334482
3.16621 -1.80414 -1.63206 0.204518 0.299845 0.0334482
3.16621 -1.80414 -1.63206 0.204518 0.299845 0.0334482
3.16621 -1.80414 -1.63206 0.204518 0.299845 0.0334482
3.16637 -1.83108 -1.63722 0.192935 0.340891 0.0310889
3.16637 -1.83108 -1.63722 0.192935 0.340891 0.0310889
3.16637 -1.83108 -1.63722 0.192935 0.340891 0.0310889
3.16637 -1.83108 -1.63722 0.192935 0.340891 0.0310889
3.15844 -1.9095 -1.64818 0.192935 0.340891 0.0310889
3.15844 -1.9095 -1.64818 0.192935 0.340891 0.0310889
3.15579 -1.92347 -1.65067 0.192935 0.340891 0.0310889
3.15579 -1.92347 -1.65067 0.192935 0.340891 0.0310889
3.15579 -1.92347 -1.65067 0.192935 0.340891 0.0310889
3.15579 -1.92347 -1.65067 0.192935 0.340891 0.0310889
3.15579 -1.92347 -1.65067 0.192935 0.340891 0.0310889
3.15579 -1.92347 -1.65067 0.192935 0.340891 0.0310889
3.15579 -1.92347 -1.65067 0.192935 0.340891 0.0310889
3.15112 -1.99316 -1.65853 0.192935 0.340891 0.0310889
3.15112 -1.99316 -1.65853 0.192935 0.340891 0.0310889
3.14748 -2.03492 -1.66205 0.192935 0.340891 0.0310889
3.14748 -2.03492 -1.66205 0.192935 0.340891 0.0310889
3.14564 -2.04948 -1.66212 0.192935 0.340891 0.0310889
3.14631 -2.06305 -1.66448 0.192935 0.340891 0.0310889
3.14631 -2.06305 -1.66448 0.192935 0.340891 0.0310889
3.1448 -2.07538 -1.66494 0.192935 0.340891 0.0310889
3.14285 -2.08975 -1.66311 0.192935 0.340891 0.0310889
3.1419 -2.10247 -1.66626 0.192935 0.340891 0.0310889
3.14077 -2.11696 -1.66686 0.192935 0.340891 0.0310889
3.13949 -2.12789 -1.66786 0.192935 0.340891 0.0310889
3.13949 -2.12789 -1.66786 0.192935 0.340891 0.0310889
3.13978 -2.14159 -1.66852 0.192935 0.340891 0.0310889
3.13978 -2.14159 -1.66852 0.192935 0.340891 0.0310889
3.13978 -2.14159 -1.66852 0.192935 0.340891 0.0310889
3.13978 -2.14159 -1.66852 0.192935 0.340891 0.0310889
3.13978 -2.14159 -1.66852 0.192935 0.340891 0.0310889
3.13978 -2.14159 -1.66852 0.192935 0.340891 0.0310889
3.13978 -2.14159 -1.66852 0.192935 0.340891 0.0310889
3.13978 -2.14159 -1.66852 0.192935 0.340891 0.0310889
3.13978 -2.14159 -1.66852 0.192935 0.340891 0.0310889
3.13978 -2.14159 -1.66852 0.192935 0.340891 0.0310889
3.13978 -2.14159 -1.66852 0.192935 0.340891 0.0310889
3.21021 -2.14978 -1.64217 0.192935 0.340891 0.0310889
3.21021 -2.14978 -1.64217 0.192935 0.340891 0.0310889
3.20549 -2.25781 -1.64793 0.182997 0.341839 0.0277411
3.20406 -2.2876 -1.64852 0.182997 0.341839 0.0277411
3.20181 -2.30138 -1.64696 0.182997 0.341839 0.0277411
3.20181 -2.30138 -1.64696 0.182997 0.341839 0.0277411
3.20181 -2.30138 -1.64696 0.182997 0.341839 0.0277411
3.20162 -2.33128 -1.6517 0.182997 0.341839 0.0277411
3.20162 -2.33128 -1.6517 0.182997 0.341839 0.0277411
3.20048 -2.34595 -1.65194 0.182997 0.341839 0.0277411
3.20048 -2.34595 -1.65194 0.182997 0.341839 0.0277411
3.20048 -2.34595 -1.65194 0.182997 0.341839 0.0277411
3.20048 -2.34595 -1.65194 0.182997 0.341839 0.0277411
3.20048 -2.34595 -1.65194 0.182997 0.341839 0.0277411
3.20048 -2.34595 -1.65194 0.182997 0.341839 0.0277411
3.20048 -2.34595 -1.65194 0.182997 0.341839 0.0277411
3.20048 -2.34595 -1.65194 0.182997 0.341839 0.0277411
3.19416 -2.42418 -1.65456 0.182997 0.341839 0.0277411
3.19416 -2.42418 -1.65456 0.182997 0.341839 0.0277411
3.19416 -2.42418 -1.65456 0.182997 0.341839 0.0277411
3.19132 -2.45834 -1.66048 0.182997 0.341839 0.0277411
3.19066 -2.47286 -1.66095 0.182997 0.341839 0.0277411
3.18791 -2.48617 -1.66373 0.182997 0.341839 0.0277411
3.1887 -2.49803 -1.66895 0.182997 0.341839 0.0277411
3.18751 -2.50565 -1.67172 0.182997 0.341839 0.0277411
3.18553 -2.51534 -1.67281 0.182997 0.341839 0.0277411
3.18553 -2.51534 -1.67281 0.182997 0.341839 0.0277411
3.18553 -2.51534 -1.67281 0.182997 0.341839 0.0277411
3.18412 -2.53552 -1.67899 0.182997 0.341839 0.0277411
3.17965 -2.54551 -1.67671 0.182997 0.341839 0.0277411
3.1777 -2.55649 -1.68028 0.182997 0.341839 0.0277411
3.17758 -2.56749 -1.68374 0.182997 0.341839 0.0277411
3.17758 -2.56749 -1.68374 0.182997 0.341839 0.0277411
3.17758 -2.56749 -1.68374 0.182997 0.341839 0.0277411
3.17758 -2.56749 -1.68374 0.182997 0.341839 0.0277411
3.17758 -2.56749 -1.68374 0.182997 0.341839 0.0277411
3.17758 -2.56749 -1.68374 0.182997 0.341839 0.0277411
3.17758 -2.56749 -1.68374 0.182997 0.341839 0.0277411
3.17758 -2.56749 -1.68374 0.182997 0.341839 0.0277411
3.17758 -2.56749 -1.68374 0.182997 0.341839 0.0277411
3.17758 -2.56749 -1.68374 0.182997 0.341839 0.0277411
3.17758 -2.56749 -1.68374 0.182997 0.341839 0.0277411
3.2483 -2.69259 -1.69294 0.182997 0.341839 0.0277411
3.2483 -2.69259 -1.69294 0.182997 0.341839 0.0277411
3.2483 -2.69259 -1.69294 0.182997 0.341839 0.0277411
3.2483 -2.69259 -1.69294 0.182997 0.341839 0.0277411
3.2434 -2.71752 -1.69544 0.211039 0.319352 0.0251108
3.2394 -2.75683 -1.70044 0.211039 0.319352 0.0251108
3.23886 -2.76905 -1.70184 0.211039 0.319352 0.0251108
3.23886 -2.76905 -1.70184 0.211039 0.319352 0.0251108
3.23886 -2.76905 -1.70184 0.211039 0.319352 0.0251108
3.23309 -2.78105 -1.70345 0.211039 0.319352 0.0251108
3.23404 -2.79235 -1.70632 0.211039 0.319352 0.0251108
3.23179 -2.80396 -1.70601 0.211039 0.319352 0.0251108
3.23179 -2.80396 -1.70601 0.211039 0.319352 0.0251108
3.23086 -2.81571 -1.70956 0.211039 0.319352 0.0251108
3.22384 -2.8353 -1.70685 0.211039 0.319352 0.0251108
3.22248 -2.84528 -1.70719 0.211039 0.319352 0.0251108
3.22248 -2.84528 -1.70719 0.211039 0.319352 0.0251108
3.22248 -2.84528 -1.70719 0.211039 0.319352 0.0251108
3.22248 -2.84528 -1.70719 0.211039 0.319352 0.0251108
3.22248 -2.84528 -1.70719 0.211039 0.319352 0.0251108
3.22248 -2.84528 -1.70719 0.211039 0.319352 0.0251108
3.21713 -2.8926 -1.70876 0.211039 0.319352 0.0251108
3.21713 -2.8926 -1.70876 0.211039 0.319352 0.0251108
3.21713 -2.8926 -1.70876 0.211039 0.319352 0.0251108
3.21713 -2.8926 -1.70876 0.211039 0.319352 0.0251108
3.21506 -2.90534 -1.70864 0.211039 0.319352 0.0251108
3.21299 -2.92708 -1.70987 0.211039 0.319352 0.0251108
3.21158 -2.93852 -1.71286 0.211039 0.319352 0.0251108
3.20674 -2.96616 -1.7118 0.211039 0.319352 0.0251108
3.20674 -2.96616 -1.7118 0.211039 0.319352 0.0251108
3.205 -2.97863 -1.71055 0.211039 0.319352 0.0251108
3.20477 -2.99183 -1.71241 0.211039 0.319352 0.0251108
3.20256 -3.00259 -1.70911 0.211039 0.319352 0.0251108
3.20256 -3.00259 -1.70911 0.211039 0.319352 0.0251108
3.20088 -3.01294 -1.70923 0.211039 0.319352 0.0251108
3.19905 -3.02314 -1.70881 0.211039 0.319352 0.0251108
3.19982 -3.03691 -1.7115 0.211039 0.319352 0.0251108
3.19982 -3.03691 -1.7115 0.211039 0.319352 0.0251108
3.19715 -3.06259 -1.71318 0.211039 0.319352 0.0251108
3.19715 -3.06259 -1.71318 0.211039 0.319352 0.0251108
3.19493 -3.07548 -1.71354 0.211039 0.319352 0.0251108
3.19493 -3.07548 -1.71354 0.211039 0.319352 0.0251108
3.19493 -3.07548 -1.71354 0.211039 0.319352 0.0251108
3.19493 -3.07548 -1.71354 0.211039 0.319352 0.0251108
3.19493 -3.07548 -1.71354 0.211039 0.319352 0.0251108
3.19493 -3.07548 -1.71354 0.211039 0.319352 0.0251108
3.19493 -3.07548 -1.71354 0.211039 0.319352 0.0251108
3.19493 -3.07548 -1.71354 0.211039 0.319352 0.0251108
3.19493 -3.07548 -1.71354 0.211039 0.319352 0.0251108
3.19493 -3.07548 -1.71354 0.211039 0.319352 0.0251108
3.19493 -3.07548 -1.71354 0.211039 0.319352 0.0251108
3.29014 -3.01506 -1.68763 0.211039 0.319352 0.0251108
3.29014 -3.01506 -1.68763 0.211039 0.319352 0.0251108
3.29014 -3.01506 -1.68763 0.211039 0.319352 0.0251108
3.29014 -3.01506 -1.68763 0.211039 0.319352 0.0251108
3.29014 -3.01506 -1.68763 0.211039 0.319352 0.0251108
3.29014 -3.01506 -1.68763 0.211039 0.319352 0.0251108
3.28458 -3.04146 -1.69086 0.285327 0.300173 0.0219129
3.28239 -3.06816 -1.69554 0.285327 0.300173 0.0219129
3.28239 -3.06816 -1.69554 0.285327 0.300173 0.0219129
3.28239 -3.06816 -1.69554 0.285327 0.300173 0.0219129
3.28239 -3.06816 -1.69554 0.285327 0.300173 0.0219129
3.26356 -3.14206 -1.69797 0.285327 0.300173 0.0219129
3.26528 -3.15444 -1.69917 0.285327 0.300173 0.0219129
3.26146 -3.16478 -1.69849 0.285327 0.300173 0.0219129
3.26146 -3.16478 -1.69849 0.285327 0.300173 0.0219129
3.26146 -3.16478 -1.69849 0.285327 0.300173 0.0219129
3.26146 -3.16478 -1.69849 0.285327 0.300173 0.0219129
3.26146 -3.16478 -1.69849 0.285327 0.300173 0.0219129
3.26146 -3.16478 -1.69849 0.285327 0.300173 0.0219129
3.26146 -3.16478 -1.69849 0.285327 0.300173 0.0219129
3.26146 -3.16478 -1.69849 0.285327 0.300173 0.0219129
3.26146 -3.16478 -1.69849 0.285327 0.300173 0.0219129
3.26146 -3.16478 -1.69849 0.285327 0.300173 0.0219129
3.26146 -3.16478 -1.69849 0.285327 0.300173 0.0219129
3.26146 -3.16478 -1.69849 0.285327 0.300173 0.0219129
3.26146 -3.16478 -1.69849 0.285327 0.300173 0.0219129
3.25533 -3.22244 -1.69748 0.285327 0.300173 0.0219129
3.25533 -3.22244 -1.69748 0.285327 0.300173 0.0219129
3.24708 -3.28958 -1.6967 0.285327 0.300173 0.0219129
3.24321 -3.31635 -1.69344 0.285327 0.300173 0.0219129
3.24321 -3.31635 -1.69344 0.285327 0.300173 0.0219129
3.24321 -3.31635 -1.69344 0.285327 0.300173 0.0219129
3.23847 -3.33716 -1.69278 0.285327 0.300173 0.0219129
3.23717 -3.34525 -1.69271 0.285327 0.300173 0.0219129
3.23717 -3.34525 -1.69271 0.285327 0.300173 0.0219129
3.23717 -3.34525 -1.69271 0.285327 0.300173 0.0219129
3.23557 -3.36649 -1.694 0.285327 0.300173 0.0219129
3.23557 -3.36657 -1.694 0.285327 0.300173 0.0219129
3.23157 -3.38699 -1.69446 0.285327 0.300173 0.0219129
3.23157 -3.38699 -1.69446 0.285327 0.300173 0.0219129
3.22932 -3.39736 -1.69539 0.285327 0.300173 0.0219129
3.22932 -3.39736 -1.69539 0.285327 0.300173 0.0219129
3.22932 -3.39736 -1.69539 0.285327 0.300173 0.0219129
3.22932 -3.39736 -1.69539 0.285327 0.300173 0.0219129
3.22932 -3.39736 -1.69539 0.285327 0.300173 0.0219129
3.22932 -3.39736 -1.69539 0.285327 0.300173 0.0219129
3.22932 -3.39736 -1.69539 0.285327 0.300173 0.0219129
3.22932 -3.39736 -1.69539 0.285327 0.300173 0.0219129
3.22932 -3.39736 -1.69539 0.285327 0.300173 0.0219129
3.22932 -3.39736 -1.69539 0.285327 0.300173 0.0219129
3.22932 -3.39736 -1.69539 0.285327 0.300173 0.0219129
3.22932 -3.39736 -1.69539 0.285327 0.300173 0.0219129
3.45376 -3.15925 -1.63605 0.375447 0.199744 0.0166514
3.45376 -3.15925 -1.63605 0.375447 0.199744 0.0166514
3.45376 -3.15925 -1.63605 0.375447 0.199744 0.0166514
3.45402 -3.16487 -1.63467 0.375447 0.199744 0.0166514
3.45043 -3.17844 -1.63564 0.375447 0.199744 0.0166514
3.45043 -3.17844 -1.63564 0.375447 0.199744 0.0166514
3.44628 -3.17988 -1.63288 0.375447 0.199744 0.0166514
3.44966 -3.18421 -1.63846 0.375447 0.199744 0.0166514
3.44906 -3.18164 -1.63568 0.375447 0.199744 0.0166514
3.44906 -3.18164 -1.63568 0.375447 0.199744 0.0166514
3.44917 -3.18108 -1.63591 0.375447 0.199744 0.0166514
3.44918 -3.18109 -1.63592 0.375447 0.199744 0.0166514
3.44824 -3.17896 -1.63448 0.375447 0.199744 0.0166514
3.44977 -3.18223 -1.63861 0.375447 0.199744 0.0166514
3.44977 -3.18223 -1.63861 0.375447 0.199744 0.0166514
3.44977 -3.18223 -1.63861 0.375447 0.199744 0.0166514
3.44954 -3.18098 -1.63657 0.375447 0.199744 0.0166514
3.45007 -3.17971 -1.63604 0.375447 0.199744 0.0166514
3.45007 -3.17971 -1.63604 0.375447 0.199744 0.0166514
3.44864 -3.17948 -1.63595 0.375447 0.199744 0.0166514
3.4493 -3.18064 -1.6379 0.375447 0.199744 0.0166514
3.45014 -3.18055 -1.63691 0.375447 0.199744 0.0166514
3.44966 -3.18112 -1.63743 0.375447 0.199744 0.0166514
3.44966 -3.18112 -1.63743 0.375447 0.199744 0.0166514
3.44988 -3.18106 -1.63749 0.375447 0.199744 0.0166514
3.45077 -3.18195 -1.63898 0.375447 0.199744 0.0166514
3.44924 -3.18064 -1.63711 0.375447 0.199744 0.0166514
3.44924 -3.18064 -1.63711 0.375447 0.199744 0.0166514
3.44947 -3.18184 -1.63792 0.375447 0.199744 0.0166514
3.44947 -3.18184 -1.63792 0.375447 0.199744 0.0166514
3.44976 -3.18197 -1.63759 0.375447 0.199744 0.0166514
3.44854 -3.18127 -1.63675 0.375447 0.199744 0.0166514
3.44854 -3.18127 -1.63675 0.375447 0.199744 0.0166514
3.44916 -3.18026 -1.6357 0.375447 0.199744 0.0166514
3.44878 -3.1807 -1.63681 0.375447 0.199744 0.0166514
3.44878 -3.1807 -1.63681 0.375447 0.199744 0.0166514
3.45004 -3.18188 -1.63671 0.375447 0.199744 0.0166514
3.44979 -3.18151 -1.63741 0.375447 0.199744 0.0166514
3.44817 -3.1824 -1.63665 0.375447 0.199744 0.0166514
3.44817 -3.1824 -1.63665 0.375447 0.199744 0.0166514
3.44979 -3.18409 -1.6385 0.375447 0.199744 0.0166514
3.44971 -3.18136 -1.63759 0.375447 0.199744 0.0166514
3.44955 -3.18103 -1.63751 0.375447 0.199744 0.0166514
3.44955 -3.18103 -1.63751 0.375447 0.199744 0.0166514
3.45087 -3.18176 -1.6376 0.375447 0.199744 0.0166514
3.45194 -3.18259 -1.63801 0.375447 0.199744 0.0166514
3.45194 -3.18259 -1.63801 0.375447 0.199744 0.0166514
3.44944 -3.18072 -1.63601 0.375447 0.199744 0.0166514
3.44944 -3.18072 -1.63601 0.375447 0.199744 0.0166514
3.44905 -3.18093 -1.63581 0.375447 0.199744 0.0166514
3.44853 -3.18 -1.63591 0.375447 0.199744 0.0166514
3.44853 -3.18 -1.63591 0.375447 0.199744 0.0166514
3.44853 -3.18 -1.63591 0.375447 0.199744 0.0166514
3.44957 -3.17799 -1.63487 0.375447 0.199744 0.0166514
3.44957 -3.17799 -1.63487 0.375447 0.199744 0.0166514
3.44959 -3.18044 -1.63667 0.375447 0.199744 0.0166514
3.44996 -3.18103 -1.63739 0.375447 0.199744 0.0166514
3.44996 -3.18103 -1.63739 0.375447 0.199744 0.0166514
3.44996 -3.18103 -1.63739 0.375447 0.199744 0.0166514
3.45085 -3.18025 -1.63714 0.375447 0.199744 0.0166514
3.44952 -3.17997 -1.63621 0.375447 0.199744 0.0166514
3.44952 -3.17997 -1.63621 0.375447 0.199744 0.0166514
3.44952 -3.17997 -1.63621 0.375447 0.199744 0.0166514
3.4485 -3.18099 -1.63603 0.375447 0.199744 0.0166514
3.45131 -3.18134 -1.63719 0.375447 0.199744 0.0166514
3.45131 -3.18134 -1.63719 0.375447 0.199744 0.0166514
3.44909 -3.1801 -1.63637 0.375447 0.199744 0.0166514
3.44909 -3.1801 -1.63637 0.375447 0.199744 0.0166514
3.44909 -3.1801 -1.63637 0.375447 0.199744 0.0166514
3.44718 -3.17983 -1.63595 0.375447 0.199744 0.0166514
3.44957 -3.17856 -1.6359 0.375447 0.199744 0.0166514
3.44957 -3.17856 -1.6359 0.375447 0.199744 0.0166514
3.44719 -3.17993 -1.63411 0.375447 0.199744 0.0166514
3.44826 -3.17971 -1.63589 0.375447 0.199744 0.0166514
3.44955 -3.17922 -1.63631 0.375447 0.199744 0.0166514
3.45158 -3.18116 -1.63747 0.375447 0.199744 0.0166514
3.44898 -3.17987 -1.63597 0.375447 0.199744 0.0166514
3.45042 -3.18059 -1.63711 0.375447 0.199744 0.0166514
3.44872 -3.18024 -1.63583 0.375447 0.199744 0.0166514
3.45109 -3.18163 -1.63774 0.375447 0.199744 0.0166514
3.44733 -3.17904 -1.63495 0.375447 0.199744 0.0166514
3.44733 -3.17904 -1.63495 0.375447 0.199744 0.0166514
3.44836 -3.17997 -1.63564 0.375447 0.199744 0.0166514
3.44967 -3.18046 -1.63641 0.375447 0.199744 0.0166514
3.44968 -3.18203 -1.63754 0.375447 0.199744 0.0166514
3.45021 -3.18228 -1.63838 0.375447 0.199744 0.0166514
3.44971 -3.18101 -1.63772 0.375447 0.199744 0.0166514
3.44971 -3.18101 -1.63772 0.375447 0.199744 0.0166514
3.44971 -3.18101 -1.63772 0.375447 0.199744 0.0166514
3.45121 -3.18088 -1.63718 0.375447 0.199744 0.0166514
3.45121 -3.18088 -1.63718 0.375447 0.199744 0.0166514
3.44976 -3.18023 -1.63676 0.375447 0.199744 0.0166514
3.4494 -3.18092 -1.63649 0.375447 0.199744 0.0166514
3.4494 -3.18092 -1.63649 0.375447 0.199744 0.0166514
3.4494 -3.18092 -1.63649 0.375447 0.199744 0.0166514
3.4494 -3.18092 -1.63649 0.375447 0.199744 0.0166514
3.4524 -3.18336 -1.63979 0.375447 0.199744 0.0166514
3.4524 -3.18336 -1.63979 0.375447 0.199744 0.0166514
3.4524 -3.18336 -1.63979 0.375447 0.199744 0.0166514
3.44883 -3.18084 -1.63665 0.375447 0.199744 0.0166514
3.44883 -3.18084 -1.63665 0.375447 0.199744 0.0166514
3.45067 -3.18069 -1.6367 0.375447 0.199744 0.0166514
3.45023 -3.18229 -1.63691 0.375447 0.199744 0.0166514
3.45023 -3.18229 -1.63691 0.375447 0.199744 0.0166514
3.45225 -3.18197 -1.63784 0.375447 0.199744 0.0166514
3.45225 -3.18197 -1.63784 0.375447 0.199744 0.0166514
3.45036 -3.18307 -1.63773 0.375447 0.199744 0.0166514
3.44975 -3.18263 -1.6381 0.375447 0.199744 0.0166514
3.44955 -3.18386 -1.638 0.375447 0.199744 0.0166514
3.44955 -3.18387 -1.638 0.375447 0.199744 0.0166514
3.45033 -3.18392 -1.63783 0.375447 0.199744 0.0166514
3.45033 -3.18392 -1.63783 0.375447 0.199744 0.0166514
3.44841 -3.18221 -1.63627 0.375447 0.199744 0.0166514
3.4501 -3.18573 -1.63925 0.375447 0.199744 0.0166514
3.45011 -3.18575 -1.63927 0.375447 0.199744 0.0166514
3.45084 -3.18527 -1.63903 0.375447 0.199744 0.0166514
3.45202 -3.18387 -1.6387 0.375447 0.199744 0.0166514
3.45202 -3.18387 -1.6387 0.375447 0.199744 0.0166514
3.45042 -3.18527 -1.639 0.375447 0.199744 0.0166514
3.45042 -3.18527 -1.639 0.375447 0.199744 0.0166514
3.45042 -3.18527 -1.639 0.375447 0.199744 0.0166514
3.45114 -3.18579 -1.63884 0.375447 0.199744 0.0166514
3.45114 -3.18579 -1.63884 0.375447 0.199744 0.0166514
3.45124 -3.18598 -1.63914 0.375447 0.199744 0.0166514
3.45054 -3.18614 -1.63967 0.375447 0.199744 0.0166514
