0.00785871 0.00146075 -1.57237 0.247065 0.246003 0.0684891
0.00760023 0.00110828 -1.57223 0.247065 0.246003 0.0684891
0.00911944 0.00102068 -1.57246 0.247065 0.246003 0.0684891
0.00491935 0.000811878 -1.57207 0.247065 0.246003 0.0684891
0.00813575 0.00191686 -1.57267 0.247065 0.246003 0.0684891
0.00736349 0.00155319 -1.57295 0.247065 0.246003 0.0684891
0.00906189 0.00110149 -1.57309 0.247065 0.246003 0.0684891
0.00783564 0.00186358 -1.57319 0.247065 0.246003 0.0684891
0.00809499 -0.000241442 -1.57119 0.247065 0.246003 0.0684891
0.00652429 -0.000139616 -1.57227 0.247065 0.246003 0.0684891
0.00660771 0.00102711 -1.57183 0.247065 0.246003 0.0684891
0.00720706 0.000400671 -1.57111 0.247065 0.246003 0.0684891
0.00764236 -0.00114146 -1.57005 0.247065 0.246003 0.0684891
0.00838442 0.000884759 -1.57089 0.247065 0.246003 0.0684891
0.00782953 0.000537063 -1.57088 0.247065 0.246003 0.0684891
0.0089348 0.00213445 -1.57329 0.247065 0.246003 0.0684891
0.00696501 0.00286098 -1.57336 0.247065 0.246003 0.0684891
0.00912957 0.000560343 -1.57222 0.247065 0.246003 0.0684891
0.00912957 0.000560343 -1.57222 0.247065 0.246003 0.0684891
0.0057014 0.00238346 -1.57213 0.247065 0.246003 0.0684891
0.00700605 0.00104366 -1.57167 0.247065 0.246003 0.0684891
0.00700605 0.00104366 -1.57167 0.247065 0.246003 0.0684891
0.00962416 0.000314568 -1.57217 0.247065 0.246003 0.0684891
0.0091602 0.00070226 -1.57236 0.247065 0.246003 0.0684891
0.00704685 0.00126896 -1.57203 0.247065 0.246003 0.0684891
0.00638312 0.00149311 -1.57133 0.247065 0.246003 0.0684891
0.00638312 0.00149311 -1.57133 0.247065 0.246003 0.0684891
0.00700524 0.00276848 -1.5739 0.247065 0.246003 0.0684891
0.00820374 0.00112846 -1.57251 0.247065 0.246003 0.0684891
0.00817783 0.000622886 -1.57233 0.247065 0.246003 0.0684891
0.00883814 -0.000618731 -1.57033 0.247065 0.246003 0.0684891
0.0083785 -0.00089912 -1.57115 0.247065 0.246003 0.0684891
0.0083785 -0.00089912 -1.57115 0.247065 0.246003 0.0684891
0.00876246 0.00146594 -1.5729 0.247065 0.246003 0.0684891
0.00900474 0.000736108 -1.57211 0.247065 0.246003 0.0684891
0.00767612 0.00218577 -1.57302 0.247065 0.246003 0.0684891
0.00767612 0.00218577 -1.57302 0.247065 0.246003 0.0684891
0.00876552 0.000352635 -1.57208 0.247065 0.246003 0.0684891
0.0089406 0.00184727 -1.5731 0.247065 0.246003 0.0684891
0.00767463 0.000931725 -1.57208 0.247065 0.246003 0.0684891
0.00767866 0.00154921 -1.57252 0.247065 0.246003 0.0684891
0.00767866 0.00154921 -1.57252 0.247065 0.246003 0.0684891
0.00831565 0.00183889 -1.57276 0.247065 0.246003 0.0684891
0.00867364 0.00167024 -1.57284 0.247065 0.246003 0.0684891
0.00954048 0.00198374 -1.57285 0.247065 0.246003 0.0684891
0.00954048 0.00198374 -1.57285 0.247065 0.246003 0.0684891
0.00817665 0.000291901 -1.57171 0.247065 0.246003 0.0684891
0.00875626 0.00111794 -1.57259 0.247065 0.246003 0.0684891
0.00841877 0.00170235 -1.57273 0.247065 0.246003 0.0684891
0.00918705 0.00122972 -1.57249 0.247065 0.246003 0.0684891
0.00891398 0.00146263 -1.57223 0.247065 0.246003 0.0684891
0.00602974 0.0012197 -1.57189 0.247065 0.246003 0.0684891
0.00969823 0.00205975 -1.57318 0.247065 0.246003 0.0684891
0.00885609 0.00129719 -1.57258 0.247065 0.246003 0.0684891
0.00597364 0.00181444 -1.57233 0.247065 0.246003 0.0684891
0.0091966 0.000912739 -1.57218 0.247065 0.246003 0.0684891
0.00870956 0.00161478 -1.57305 0.247065 0.246003 0.0684891
0.00910683 0.00114211 -1.57275 0.247065 0.246003 0.0684891
0.00857643 0.00224325 -1.57303 0.247065 0.246003 0.0684891
0.00857643 0.00224325 -1.57303 0.247065 0.246003 0.0684891
0.00640203 0.00245171 -1.57245 0.247065 0.246003 0.0684891
0.00841571 0.00184074 -1.57286 0.247065 0.246003 0.0684891
0.00638757 0.00179355 -1.57167 0.247065 0.246003 0.0684891
0.00709226 0.00198063 -1.57221 0.247065 0.246003 0.0684891
0.00709226 0.00198063 -1.57221 0.247065 0.246003 0.0684891
0.00860069 0.0011954 -1.57244 0.247065 0.246003 0.0684891
0.00616319 0.00273045 -1.57324 0.247065 0.246003 0.0684891
0.00613075 0.00230626 -1.57347 0.247065 0.246003 0.0684891
0.00506789 0.00139515 -1.57212 0.247065 0.246003 0.0684891
0.00506789 0.00139515 -1.57212 0.247065 0.246003 0.0684891
0.00723991 0.000611022 -1.57148 0.247065 0.246003 0.0684891
0.00648139 0.00345942 -1.57286 0.247065 0.246003 0.0684891
0.00648139 0.00345942 -1.57286 0.247065 0.246003 0.0684891
0.00648001 0.0025415 -1.57333 0.247065 0.246003 0.0684891
0.00775078 0.000113657 -1.57123 0.247065 0.246003 0.0684891
0.00750833 0.00162898 -1.57247 0.247065 0.246003 0.0684891
0.0079669 0.000643521 -1.57252 0.247065 0.246003 0.0684891
0.0079669 0.000643521 -1.57252 0.247065 0.246003 0.0684891
0.0069054 0.000350238 -1.57199 0.247065 0.246003 0.0684891
0.0082492 0.000523092 -1.5722 0.247065 0.246003 0.0684891
0.00762174 -5.24515e-05 -1.57143 0.247065 0.246003 0.0684891
0.00667485 0.0015175 -1.57195 0.247065 0.246003 0.0684891
0.00694099 0.00104264 -1.57178 0.247065 0.246003 0.0684891
0.00876692 1.05879e-05 -1.572 0.247065 0.246003 0.0684891
0.00829357 0.000793453 -1.57215 0.247065 0.246003 0.0684891
0.00777188 0.00236703 -1.57341 0.247065 0.246003 0.0684891
0.00846955 0.000858296 -1.57247 0.247065 0.246003 0.0684891
0.00606136 0.00152665 -1.57237 0.247065 0.246003 0.0684891
0.00680886 0.0022442 -1.57372 0.247065 0.246003 0.0684891
0.0111198 0.00120494 -1.57317 0.247065 0.246003 0.0684891
0.00689393 0.00242817 -1.57291 0.247065 0.246003 0.0684891
0.00887199 -0.000184407 -1.57221 0.247065 0.246003 0.0684891
0.00961009 0.0003959 -1.57237 0.247065 0.246003 0.0684891
0.0097053 0.000473248 -1.5724 0.247065 0.246003 0.0684891
0.00650592 0.00258105 -1.57309 0.247065 0.246003 0.0684891
0.00752209 0.00263124 -1.57337 0.247065 0.246003 0.0684891
0.00801492 0.00131917 -1.57305 0.247065 0.246003 0.0684891
0.00801492 0.00131917 -1.57305 0.247065 0.246003 0.0684891
0.00811986 -0.000627297 -1.57101 0.247065 0.246003 0.0684891
0.00895848 9.44882e-05 -1.57158 0.247065 0.246003 0.0684891
0.00772597 0.000578874 -1.57173 0.247065 0.246003 0.0684891
0.00930882 -0.000909185 -1.57143 0.247065 0.246003 0.0684891
0.0083163 0.000332516 -1.57124 0.247065 0.246003 0.0684891
0.00793145 -0.00101774 -1.57079 0.247065 0.246003 0.0684891
0.00859878 0.00109213 -1.5712 0.247065 0.246003 0.0684891
0.00859878 0.00109213 -1.5712 0.247065 0.246003 0.0684891
0.00860061 0.00108157 -1.5712 0.247065 0.246003 0.0684891
0.00860061 0.00108157 -1.5712 0.247065 0.246003 0.0684891
0.00860061 0.00108157 -1.5712 0.247065 0.246003 0.0684891
0.575596 -1.09707 0.175777 0.247065 0.246003 0.0684891
0.574564 -1.09384 0.17532 0.0097978 0.00971604 0.00990587
0.573735 -1.09649 0.174783 0.0097978 0.00971604 0.00990587
0.573735 -1.09649 0.174783 0.0097978 0.00971604 0.00990587
0.573735 -1.09649 0.174783 0.0097978 0.00971604 0.00990587
0.572963 -1.09505 0.1744 0.0097978 0.00971604 0.00990587
0.572963 -1.09505 0.1744 0.0097978 0.00971604 0.00990587
0.572963 -1.09505 0.1744 0.0097978 0.00971604 0.00990587
0.572963 -1.09505 0.1744 0.0097978 0.00971604 0.00990587
0.575905 -1.09668 0.176471 0.0097978 0.00971604 0.00990587
0.575905 -1.09668 0.176471 0.0097978 0.00971604 0.00990587
0.57542 -1.09445 0.175442 0.0097978 0.00971604 0.00990587
0.573288 -1.09591 0.17484 0.0097978 0.00971604 0.00990587
0.57344 -1.09408 0.174898 0.0097978 0.00971604 0.00990587
0.575692 -1.09605 0.17673 0.0097978 0.00971604 0.00990587
0.574837 -1.0962 0.175377 0.0097978 0.00971604 0.00990587
0.576217 -1.09626 0.176336 0.0097978 0.00971604 0.00990587
0.576217 -1.09626 0.176336 0.0097978 0.00971604 0.00990587
0.576217 -1.09626 0.176336 0.0097978 0.00971604 0.00990587
0.574218 -1.09603 0.17499 0.0097978 0.00971604 0.00990587
0.574218 -1.09603 0.17499 0.0097978 0.00971604 0.00990587
0.573459 -1.09766 0.175149 0.0097978 0.00971604 0.00990587
0.574355 -1.09581 0.175759 0.0097978 0.00971604 0.00990587
0.573973 -1.09559 0.175322 0.0097978 0.00971604 0.00990587
0.573973 -1.09559 0.175322 0.0097978 0.00971604 0.00990587
0.573316 -1.0948 0.174872 0.0097978 0.00971604 0.00990587
0.57512 -1.09547 0.175738 0.0097978 0.00971604 0.00990587
0.575104 -1.09622 0.175671 0.0097978 0.00971604 0.00990587
0.575104 -1.09622 0.175671 0.0097978 0.00971604 0.00990587
0.57463 -1.09416 0.175497 0.0097978 0.00971604 0.00990587
0.574347 -1.0951 0.175122 0.0097978 0.00971604 0.00990587
0.574047 -1.09672 0.17563 0.0097978 0.00971604 0.00990587
0.574047 -1.09672 0.17563 0.0097978 0.00971604 0.00990587
0.573394 -1.09658 0.174079 0.0097978 0.00971604 0.00990587
0.573394 -1.09658 0.174079 0.0097978 0.00971604 0.00990587
0.573659 -1.09602 0.174631 0.0097978 0.00971604 0.00990587
0.573659 -1.09602 0.174631 0.0097978 0.00971604 0.00990587
0.573974 -1.09606 0.174353 0.0097978 0.00971604 0.00990587
0.573974 -1.09606 0.174353 0.0097978 0.00971604 0.00990587
0.574767 -1.09583 0.175357 0.0097978 0.00971604 0.00990587
0.575321 -1.09575 0.174718 0.0097978 0.00971604 0.00990587
0.574834 -1.09393 0.175326 0.0097978 0.00971604 0.00990587
0.574834 -1.09393 0.175326 0.0097978 0.00971604 0.00990587
0.574664 -1.09848 0.175629 0.0097978 0.00971604 0.00990587
0.577282 -1.09693 0.176687 0.0097978 0.00971604 0.00990587
0.577282 -1.09693 0.176687 0.0097978 0.00971604 0.00990587
0.575156 -1.09535 0.17495 0.0097978 0.00971604 0.00990587
0.573042 -1.09419 0.174837 0.0097978 0.00971604 0.00990587
0.568709 -1.08773 0.173028 0.0097978 0.00971604 0.00990587
0.568709 -1.08773 0.173028 0.0097978 0.00971604 0.00990587
0.56844 -1.07624 0.174666 0.0097978 0.00971604 0.00990587
0.568929 -1.06445 0.173934 0.0097978 0.00971604 0.00990587
0.568919 -1.05343 0.173226 0.0097978 0.00971604 0.00990587
0.566704 -1.03218 0.166553 0.0097978 0.00971604 0.00990587
0.56905 -1.0189 0.168508 0.0097978 0.00971604 0.00990587
0.569739 -1.00404 0.171616 0.0097978 0.00971604 0.00990587
0.569295 -0.990382 0.173836 0.0097978 0.00971604 0.00990587
0.565681 -0.976422 0.17503 0.0097978 0.00971604 0.00990587
0.558494 -0.946411 0.172435 0.0097978 0.00971604 0.00990587
0.555448 -0.93061 0.170434 0.0097978 0.00971604 0.00990587
0.550191 -0.916361 0.166689 0.0097978 0.00971604 0.00990587
0.545245 -0.899951 0.165456 0.0097978 0.00971604 0.00990587
0.53903 -0.884897 0.166828 0.0097978 0.00971604 0.00990587
0.539012 -0.884832 0.166839 0.0097978 0.00971604 0.00990587
0.539012 -0.884832 0.166839 0.0097978 0.00971604 0.00990587
0.539012 -0.884832 0.166839 0.0097978 0.00971604 0.00990587
0.539012 -0.884832 0.166839 0.0097978 0.00971604 0.00990587
0.50529 -0.866202 0.191774 0.0097978 0.00971604 0.00990587
0.50529 -0.866202 0.191774 0.0097978 0.00971604 0.00990587
0.50529 -0.866202 0.191774 0.0097978 0.00971604 0.00990587
0.50529 -0.866202 0.191774 0.0097978 0.00971604 0.00990587
0.471633 -0.774559 0.191848 0.0073182 0.00928447 0.00680462
0.451325 -0.717747 0.195711 0.0073182 0.00928447 0.00680462
0.442925 -0.70122 0.192763 0.0073182 0.00928447 0.00680462
0.442925 -0.70122 0.192763 0.0073182 0.00928447 0.00680462
0.442925 -0.70122 0.192763 0.0073182 0.00928447 0.00680462
0.440228 -0.682723 0.194881 0.0073182 0.00928447 0.00680462
0.41861 -0.624162 0.188031 0.0073182 0.00928447 0.00680462
0.415765 -0.614117 0.186137 0.0073182 0.00928447 0.00680462
0.415765 -0.614117 0.186137 0.0073182 0.00928447 0.00680462
0.405183 -0.586231 0.181893 0.0073182 0.00928447 0.00680462
0.393142 -0.555432 0.178814 0.0073182 0.00928447 0.00680462
0.386555 -0.541846 0.180042 0.0073182 0.00928447 0.00680462
0.37915 -0.522884 0.181036 0.0073182 0.00928447 0.00680462
0.372081 -0.505829 0.178976 0.0073182 0.00928447 0.00680462
0.372081 -0.505829 0.178976 0.0073182 0.00928447 0.00680462
0.372081 -0.505829 0.178976 0.0073182 0.00928447 0.00680462
0.354106 -0.495086 0.178431 0.0073182 0.00928447 0.00680462
0.329668 -0.422626 0.164439 0.00542792 0.00989601 0.00506212
0.316466 -0.388062 0.158339 0.00542792 0.00989601 0.00506212
0.311322 -0.371476 0.155783 0.00542792 0.00989601 0.00506212
0.302219 -0.351921 0.150582 0.00542792 0.00989601 0.00506212
0.292931 -0.317606 0.140052 0.00542792 0.00989601 0.00506212
0.292931 -0.317606 0.140052 0.00542792 0.00989601 0.00506212
0.292931 -0.317606 0.140052 0.00542792 0.00989601 0.00506212
0.292931 -0.317606 0.140052 0.00542792 0.00989601 0.00506212
0.276268 -0.238092 0.082204 0.00542792 0.00989601 0.00506212
0.272931 -0.220147 0.0683783 0.00542792 0.00989601 0.00506212
0.273216 -0.180753 0.0372066 0.00542792 0.00989601 0.00506212
0.267629 -0.163622 0.0207997 0.00542792 0.00989601 0.00506212
0.264007 -0.12638 -0.011134 0.00542792 0.00989601 0.00506212
0.266145 -0.10699 -0.0240022 0.00542792 0.00989601 0.00506212
0.25535 -0.102943 -0.032688 0.00542792 0.00989601 0.00506212
0.255833 -0.0665518 -0.063218 0.00404235 0.00972874 0.00479445
0.254519 -0.026697 -0.0947498 0.00404235 0.00972874 0.00479445
0.25819 -0.00701564 -0.106367 0.00404235 0.00972874 0.00479445
0.258813 0.0317236 -0.135529 0.00404235 0.00972874 0.00479445
0.261039 0.0466417 -0.149176 0.00404235 0.00972874 0.00479445
0.261039 0.0466417 -0.149176 0.00404235 0.00972874 0.00479445
0.262614 0.0830326 -0.177375 0.00404235 0.00972874 0.00479445
0.26924 0.117537 -0.204503 0.00404235 0.00972874 0.00479445
0.271546 0.134907 -0.218331 0.00404235 0.00972874 0.00479445
0.276979 0.172297 -0.242783 0.00404235 0.00972874 0.00479445
0.278938 0.192576 -0.257486 0.00404235 0.00972874 0.00479445
0.289354 0.231196 -0.290467 0.00404235 0.00972874 0.00479445
0.297093 0.269165 -0.315984 0.00404235 0.00972874 0.00479445
0.297093 0.269165 -0.315984 0.00404235 0.00972874 0.00479445
0.308129 0.312668 -0.341387 0.00404235 0.00972874 0.00479445
0.318456 0.341428 -0.359201 0.00491725 0.00906016 0.00432245
0.32419 0.36466 -0.370206 0.00491725 0.00906016 0.00432245
0.331007 0.388541 -0.378451 0.00491725 0.00906016 0.00432245
0.341319 0.427307 -0.399297 0.00491725 0.00906016 0.00432245
0.351311 0.446442 -0.406757 0.00491725 0.00906016 0.00432245
0.355595 0.466384 -0.418185 0.00491725 0.00906016 0.00432245
0.365128 0.505159 -0.437504 0.00491725 0.00906016 0.00432245
0.373663 0.527179 -0.449139 0.00491725 0.00906016 0.00432245
0.382952 0.545455 -0.461925 0.00491725 0.00906016 0.00432245
0.400552 0.58568 -0.482634 0.00491725 0.00906016 0.00432245
0.400552 0.58568 -0.482634 0.00491725 0.00906016 0.00432245
0.401738 0.605029 -0.498662 0.00491725 0.00906016 0.00432245
0.417851 0.637549 -0.521312 0.00491725 0.00906016 0.00432245
0.441958 0.662782 -0.56067 0.00491725 0.00906016 0.00432245
0.456581 0.678209 -0.587051 0.00491725 0.00906016 0.00432245
0.467201 0.692852 -0.612867 0.00491725 0.00906016 0.00432245
0.467201 0.692852 -0.612867 0.00491725 0.00906016 0.00432245
0.505402 0.724737 -0.680441 0.00491725 0.00906016 0.00432245
0.520015 0.741125 -0.710234 0.00491725 0.00906016 0.00432245
0.538032 0.756077 -0.738633 0.00491725 0.00906016 0.00432245
0.554215 0.766855 -0.762719 0.00491725 0.00906016 0.00432245
0.639073 0.802409 -0.86053 0.00824469 0.00830147 0.00509165
0.639073 0.802409 -0.86053 0.00824469 0.00830147 0.00509165
0.691627 0.844076 -0.930606 0.00824469 0.00830147 0.00509165
0.707705 0.855489 -0.950966 0.00824469 0.00830147 0.00509165
0.721288 0.867358 -0.973803 0.00824469 0.00830147 0.00509165
0.754261 0.888299 -1.01167 0.00824469 0.00830147 0.00509165
0.791076 0.90723 -1.05448 0.00824469 0.00830147 0.00509165
0.805859 0.917083 -1.07748 0.00824469 0.00830147 0.00509165
0.838177 0.935007 -1.12244 0.00824469 0.00830147 0.00509165
0.861452 0.942776 -1.14151 0.00824469 0.00830147 0.00509165
0.893152 0.957634 -1.18126 0.00824469 0.00830147 0.00509165
0.912146 0.971425 -1.20593 0.00824469 0.00830147 0.00509165
0.955313 0.954146 -1.25834 0.00939518 0.00721088 0.0045256
0.985154 0.95929 -1.27737 0.00939518 0.00721088 0.0045256
1.03418 0.973799 -1.31638 0.00939518 0.00721088 0.0045256
1.03418 0.973799 -1.31638 0.00939518 0.00721088 0.0045256
1.11572 0.984281 -1.36528 0.00939518 0.00721088 0.0045256
1.11572 0.984281 -1.36528 0.00939518 0.00721088 0.0045256
1.11572 0.984281 -1.36528 0.00939518 0.00721088 0.0045256
1.18858 0.99046 -1.40148 0.00939518 0.00721088 0.0045256
1.28856 0.99637 -1.44031 0.00939518 0.00721088 0.0045256
1.31092 1.00152 -1.451 0.00939518 0.00721088 0.0045256
1.3679 1.00234 -1.46576 0.00939518 0.00721088 0.0045256
1.3679 1.00234 -1.46576 0.00939518 0.00721088 0.0045256
1.3987 0.976563 -1.48664 0.00772231 0.00675163 0.0034039
1.47332 0.978287 -1.51348 0.00772231 0.00675163 0.0034039
1.52295 0.980229 -1.53197 0.00772231 0.00675163 0.0034039
1.54187 0.981308 -1.53958 0.00772231 0.00675163 0.0034039
1.58974 0.97682 -1.55433 0.00772231 0.00675163 0.0034039
1.58974 0.97682 -1.55433 0.00772231 0.00675163 0.0034039
1.64427 0.970022 -1.58188 0.00772231 0.00675163 0.0034039
1.67726 0.975084 -1.60816 0.00772231 0.00675163 0.0034039
1.69972 0.969295 -1.61599 0.00772231 0.00675163 0.0034039
1.73702 0.968698 -1.64385 0.00772231 0.00675163 0.0034039
1.78161 0.961309 -1.66764 0.00772231 0.00675163 0.0034039
1.80311 0.956683 -1.67879 0.00772231 0.00675163 0.0034039
1.8391 0.923536 -1.70152 0.00700276 0.00623776 0.00233828
1.8391 0.923536 -1.70152 0.00700276 0.00623776 0.00233828
1.89206 0.915541 -1.72869 0.00700276 0.00623776 0.00233828
1.927 0.905656 -1.73634 0.00700276 0.00623776 0.00233828
1.94485 0.903173 -1.73912 0.00700276 0.00623776 0.00233828
2.00161 0.891098 -1.7418 0.00700276 0.00623776 0.00233828
2.00816 0.887619 -1.74258 0.00700276 0.00623776 0.00233828
2.01329 0.883868 -1.74417 0.00700276 0.00623776 0.00233828
2.05549 0.879525 -1.74893 0.00700276 0.00623776 0.00233828
2.08153 0.874272 -1.74783 0.00700276 0.00623776 0.00233828
2.12105 0.86155 -1.7468 0.00700276 0.00623776 0.00233828
2.13896 0.858244 -1.74663 0.00700276 0.00623776 0.00233828
2.17987 0.845524 -1.74077 0.00700276 0.00623776 0.00233828
2.20802 0.836721 -1.73916 0.00700276 0.00623776 0.00233828
2.22917 0.835165 -1.73931 0.00700276 0.00623776 0.00233828
2.25136 0.830518 -1.73562 0.00700276 0.00623776 0.00233828
2.28675 0.806061 -1.73527 0.00624412 0.00538967 0.00145098
2.31993 0.797941 -1.72884 0.00624412 0.00538967 0.00145098
2.33554 0.795078 -1.728 0.00624412 0.00538967 0.00145098
2.36701 0.792182 -1.72589 0.00624412 0.00538967 0.00145098
2.39214 0.787057 -1.72216 0.00624412 0.00538967 0.00145098
2.40551 0.784078 -1.72032 0.00624412 0.00538967 0.00145098
2.43635 0.776683 -1.71363 0.00624412 0.00538967 0.00145098
2.43635 0.776683 -1.71363 0.00624412 0.00538967 0.00145098
2.45823 0.777339 -1.71324 0.00624412 0.00538967 0.00145098
2.46155 0.776205 -1.71117 0.00624412 0.00538967 0.00145098
2.46098 0.774206 -1.71009 0.00624412 0.00538967 0.00145098
2.46252 0.774141 -1.7105 0.00624412 0.00538967 0.00145098
2.46086 0.774184 -1.71062 0.00624412 0.00538967 0.00145098
2.46337 0.776324 -1.71146 0.00624412 0.00538967 0.00145098
2.46086 0.77428 -1.71037 0.00624412 0.00538967 0.00145098
2.46229 0.777119 -1.71242 0.00624412 0.00538967 0.00145098
2.46308 0.777829 -1.71336 0.00624412 0.00538967 0.00145098
2.46385 0.776616 -1.71195 0.00624412 0.00538967 0.00145098
2.46211 0.775758 -1.71023 0.00624412 0.00538967 0.00145098
2.46006 0.778057 -1.7136 0.00624412 0.00538967 0.00145098
2.46204 0.777059 -1.71262 0.00624412 0.00538967 0.00145098
2.46227 0.776028 -1.71232 0.00624412 0.00538967 0.00145098
2.45948 0.775816 -1.71227 0.00624412 0.00538967 0.00145098
2.46038 0.776058 -1.71182 0.00624412 0.00538967 0.00145098
2.46122 0.776445 -1.71243 0.00624412 0.00538967 0.00145098
2.45954 0.777294 -1.71274 0.00624412 0.00538967 0.00145098
2.45755 0.777167 -1.71363 0.00624412 0.00538967 0.00145098
2.46174 0.776316 -1.71219 0.00624412 0.00538967 0.00145098
2.45951 0.777495 -1.7133 0.00624412 0.00538967 0.00145098
2.45803 0.778365 -1.71409 0.00624412 0.00538967 0.00145098
2.46099 0.776759 -1.71268 0.00624412 0.00538967 0.00145098
2.45844 0.77737 -1.71344 0.00624412 0.00538967 0.00145098
2.46082 0.777229 -1.71329 0.00624412 0.00538967 0.00145098
2.45936 0.776639 -1.71249 0.00624412 0.00538967 0.00145098
2.46067 0.776928 -1.71272 0.00624412 0.00538967 0.00145098
2.45932 0.776352 -1.71186 0.00624412 0.00538967 0.00145098
2.46083 0.777622 -1.71261 0.00624412 0.00538967 0.00145098
2.45957 0.777817 -1.71355 0.00624412 0.00538967 0.00145098
2.45957 0.777817 -1.71355 0.00624412 0.00538967 0.00145098
2.46036 0.776195 -1.71094 0.00624412 0.00538967 0.00145098
2.46135 0.776554 -1.71206 0.00624412 0.00538967 0.00145098
2.46146 0.777782 -1.71325 0.00624412 0.00538967 0.00145098
2.46021 0.775862 -1.71074 0.00624412 0.00538967 0.00145098
2.45811 0.776446 -1.71209 0.00624412 0.00538967 0.00145098
2.46154 0.775488 -1.71072 0.00624412 0.00538967 0.00145098
2.46271 0.776654 -1.71144 0.00624412 0.00538967 0.00145098
2.46211 0.777024 -1.71202 0.00624412 0.00538967 0.00145098
2.46099 0.776561 -1.71238 0.00624412 0.00538967 0.00145098
2.46115 0.776676 -1.71269 0.00624412 0.00538967 0.00145098
2.46162 0.774731 -1.70999 0.00624412 0.00538967 0.00145098
2.46293 0.775308 -1.71084 0.00624412 0.00538967 0.00145098
2.46293 0.775308 -1.71084 0.00624412 0.00538967 0.00145098
2.46253 0.775302 -1.71052 0.00624412 0.00538967 0.00145098
2.46286 0.774364 -1.71003 0.00624412 0.00538967 0.00145098
2.46286 0.774364 -1.71003 0.00624412 0.00538967 0.00145098
2.46209 0.776042 -1.71192 0.00624412 0.00538967 0.00145098
2.46288 0.77642 -1.71143 0.00624412 0.00538967 0.00145098
2.46155 0.77508 -1.71085 0.00624412 0.00538967 0.00145098
2.46155 0.77674 -1.7117 0.00624412 0.00538967 0.00145098
2.46543 0.774722 -1.71123 0.00624412 0.00538967 0.00145098
2.46407 0.77262 -1.70956 0.00624412 0.00538967 0.00145098
2.46512 0.776336 -1.71181 0.00624412 0.00538967 0.00145098
2.4632 0.775241 -1.71177 0.00624412 0.00538967 0.00145098
2.4632 0.775234 -1.71177 0.00624412 0.00538967 0.00145098
2.4643 0.773343 -1.70953 0.00624412 0.00538967 0.00145098
2.46528 0.774931 -1.71038 0.00624412 0.00538967 0.00145098
2.46409 0.776902 -1.71157 0.00624412 0.00538967 0.00145098
2.46629 0.77416 -1.70894 0.00624412 0.00538967 0.00145098
2.46322 0.774881 -1.71026 0.00624412 0.00538967 0.00145098
2.46322 0.774881 -1.71026 0.00624412 0.00538967 0.00145098
2.46322 0.774881 -1.71026 0.00624412 0.00538967 0.00145098
2.46322 0.774881 -1.71026 0.00624412 0.00538967 0.00145098
2.46322 0.774881 -1.71026 0.00624412 0.00538967 0.00145098
2.46322 0.774881 -1.71026 0.00624412 0.00538967 0.00145098
2.46322 0.774881 -1.71026 0.00624412 0.00538967 0.00145098
2.46322 0.774881 -1.71026 0.00624412 0.00538967 0.00145098
2.46322 0.774881 -1.71026 0.00624412 0.00538967 0.00145098
2.46322 0.774881 -1.71026 0.00624412 0.00538967 0.00145098
2.46322 0.774881 -1.71026 0.00624412 0.00538967 0.00145098
2.46322 0.774881 -1.71026 0.00624412 0.00538967 0.00145098
2.46322 0.774881 -1.71026 0.00624412 0.00538967 0.00145098
2.46322 0.774881 -1.71026 0.00624412 0.00538967 0.00145098
2.46322 0.774881 -1.71026 0.00624412 0.00538967 0.00145098
2.46322 0.774881 -1.71026 0.00624412 0.00538967 0.00145098
2.46322 0.774881 -1.71026 0.00624412 0.00538967 0.00145098
2.46322 0.774881 -1.71026 0.00624412 0.00538967 0.00145098
2.46322 0.774881 -1.71026 0.00624412 0.00538967 0.00145098
2.46322 0.774881 -1.71026 0.00624412 0.00538967 0.00145098
2.46322 0.774881 -1.71026 0.00624412 0.00538967 0.00145098
2.46322 0.774881 -1.71026 0.00624412 0.00538967 0.00145098
2.46322 0.774881 -1.71026 0.00624412 0.00538967 0.00145098
2.46322 0.774881 -1.71026 0.00624412 0.00538967 0.00145098
2.46322 0.774881 -1.71026 0.00624412 0.00538967 0.00145098
2.46322 0.774881 -1.71026 0.00624412 0.00538967 0.00145098
2.46322 0.774881 -1.71026 0.00624412 0.00538967 0.00145098
2.46322 0.774881 -1.71026 0.00624412 0.00538967 0.00145098
2.46322 0.774881 -1.71026 0.00624412 0.00538967 0.00145098
2.46322 0.774881 -1.71026 0.00624412 0.00538967 0.00145098
2.46322 0.774881 -1.71026 0.00624412 0.00538967 0.00145098
2.46322 0.774881 -1.71026 0.00624412 0.00538967 0.00145098
2.46322 0.774881 -1.71026 0.00624412 0.00538967 0.00145098
2.46322 0.774881 -1.71026 0.00624412 0.00538967 0.00145098
2.46322 0.774881 -1.71026 0.00624412 0.00538967 0.00145098
2.46322 0.774881 -1.71026 0.00624412 0.00538967 0.00145098
2.46322 0.774881 -1.71026 0.00624412 0.00538967 0.00145098
2.46322 0.774881 -1.71026 0.00624412 0.00538967 0.00145098
2.46322 0.774881 -1.71026 0.00624412 0.00538967 0.00145098
2.46322 0.774881 -1.71026 0.00624412 0.00538967 0.00145098
2.46322 0.774881 -1.71026 0.00624412 0.00538967 0.00145098
2.46322 0.774881 -1.71026 0.00624412 0.00538967 0.00145098
2.46322 0.774881 -1.71026 0.00624412 0.00538967 0.00145098
2.46322 0.774881 -1.71026 0.00624412 0.00538967 0.00145098
2.46322 0.774881 -1.71026 0.00624412 0.00538967 0.00145098
2.46322 0.774881 -1.71026 0.00624412 0.00538967 0.00145098
2.46322 0.774881 -1.71026 0.00624412 0.00538967 0.00145098
2.46322 0.774881 -1.71026 0.00624412 0.00538967 0.00145098
2.46322 0.774881 -1.71026 0.00624412 0.00538967 0.00145098
2.46322 0.774881 -1.71026 0.00624412 0.00538967 0.00145098
