0.00701757 -0.000997297 -1.57117 0.247065 0.246003 0.0684891
0.00805074 -0.000305005 -1.5717 0.247065 0.246003 0.0684891
0.00740799 -0.000126817 -1.57178 0.247065 0.246003 0.0684891
0.00725597 -0.00178961 -1.57073 0.247065 0.246003 0.0684891
0.00620945 -0.000777487 -1.57056 0.247065 0.246003 0.0684891
0.00675355 -0.000387292 -1.57144 0.247065 0.246003 0.0684891
0.0095518 -0.000379824 -1.57113 0.247065 0.246003 0.0684891
0.00891064 4.97925e-05 -1.57083 0.247065 0.246003 0.0684891
0.00762711 0.00107345 -1.57134 0.247065 0.246003 0.0684891
0.00722794 -0.000188413 -1.5707 0.247065 0.246003 0.0684891
0.00933028 0.000180452 -1.5717 0.247065 0.246003 0.0684891
0.00877422 -0.000402165 -1.57069 0.247065 0.246003 0.0684891
0.00877422 -0.000402165 -1.57069 0.247065 0.246003 0.0684891
0.00942809 -0.00149511 -1.57048 0.247065 0.246003 0.0684891
0.0100727 -0.00104931 -1.57066 0.247065 0.246003 0.0684891
0.00910755 0.000316245 -1.57172 0.247065 0.246003 0.0684891
0.00899402 0.000251535 -1.57151 0.247065 0.246003 0.0684891
0.00965487 0.0014908 -1.57373 0.247065 0.246003 0.0684891
0.00752475 -0.000197701 -1.57063 0.247065 0.246003 0.0684891
0.00834641 -0.000857114 -1.57134 0.247065 0.246003 0.0684891
0.00803248 -0.000330625 -1.57167 0.247065 0.246003 0.0684891
0.0081968 -0.000888302 -1.57114 0.247065 0.246003 0.0684891
0.00727221 -0.00111035 -1.57112 0.247065 0.246003 0.0684891
0.00756199 0.000564475 -1.57133 0.247065 0.246003 0.0684891
0.0086359 -0.000463359 -1.57137 0.247065 0.246003 0.0684891
0.00701564 -0.000419503 -1.57076 0.247065 0.246003 0.0684891
0.00778058 -0.00023591 -1.57117 0.247065 0.246003 0.0684891
0.0074913 -0.0008739 -1.5712 0.247065 0.246003 0.0684891
0.00756241 -0.000628355 -1.57139 0.247065 0.246003 0.0684891
0.00774214 -0.000346227 -1.5713 0.247065 0.246003 0.0684891
0.00616429 -0.000851154 -1.57102 0.247065 0.246003 0.0684891
0.00709374 -0.000416986 -1.5706 0.247065 0.246003 0.0684891
0.00912274 -0.0018411 -1.57118 0.247065 0.246003 0.0684891
0.00734756 -0.00115183 -1.57089 0.247065 0.246003 0.0684891
0.00695584 0.000120883 -1.57151 0.247065 0.246003 0.0684891
0.00763215 -0.000749487 -1.57168 0.247065 0.246003 0.0684891
0.00714092 -0.00115369 -1.57134 0.247065 0.246003 0.0684891
0.00712092 -0.00161425 -1.57119 0.247065 0.246003 0.0684891
0.00767415 -0.00145581 -1.57072 0.247065 0.246003 0.0684891
0.00968871 -0.000877999 -1.5717 0.247065 0.246003 0.0684891
0.00704375 -0.00141583 -1.57054 0.247065 0.246003 0.0684891
0.00703959 -0.00142271 -1.57054 0.247065 0.246003 0.0684891
0.00766787 -0.000942956 -1.57134 0.247065 0.246003 0.0684891
0.00724749 0.00027072 -1.57106 0.247065 0.246003 0.0684891
0.00747137 7.38037e-05 -1.57166 0.247065 0.246003 0.0684891
0.00817193 -0.000903138 -1.57143 0.247065 0.246003 0.0684891
0.00746287 -0.000984096 -1.57088 0.247065 0.246003 0.0684891
0.00766734 -0.00154496 -1.5702 0.247065 0.246003 0.0684891
0.00783511 -0.00262295 -1.57072 0.247065 0.246003 0.0684891
0.00602485 -0.00120589 -1.57067 0.247065 0.246003 0.0684891
0.00681164 -0.00129126 -1.57014 0.247065 0.246003 0.0684891
0.00737817 -0.00144458 -1.57042 0.247065 0.246003 0.0684891
0.00702725 -0.000517382 -1.57101 0.247065 0.246003 0.0684891
0.00726648 -0.00152783 -1.57041 0.247065 0.246003 0.0684891
0.00749218 -0.00153614 -1.57036 0.247065 0.246003 0.0684891
0.00670629 -0.000590857 -1.57102 0.247065 0.246003 0.0684891
0.00676029 -0.00029321 -1.5711 0.247065 0.246003 0.0684891
0.0069892 -0.000957313 -1.57124 0.247065 0.246003 0.0684891
0.00567845 -0.000938464 -1.57048 0.247065 0.246003 0.0684891
0.00529167 -0.000549564 -1.57046 0.247065 0.246003 0.0684891
0.00743602 -0.000401951 -1.5718 0.247065 0.246003 0.0684891
0.00818978 0.000217154 -1.57123 0.247065 0.246003 0.0684891
0.00912161 0.000778951 -1.57206 0.247065 0.246003 0.0684891
0.00932461 -8.20144e-06 -1.57176 0.247065 0.246003 0.0684891
0.00849513 0.000340572 -1.57183 0.247065 0.246003 0.0684891
0.00847813 -0.000111485 -1.57084 0.247065 0.246003 0.0684891
0.0106979 -9.17189e-06 -1.57236 0.247065 0.246003 0.0684891
0.00818793 -0.000375645 -1.57113 0.247065 0.246003 0.0684891
0.00890664 -0.0001802 -1.57125 0.247065 0.246003 0.0684891
0.00860266 0.000176208 -1.57206 0.247065 0.246003 0.0684891
0.00860266 0.000176208 -1.57206 0.247065 0.246003 0.0684891
0.0083908 0.000659033 -1.57201 0.247065 0.246003 0.0684891
0.00821433 -0.000551788 -1.57105 0.247065 0.246003 0.0684891
0.00770607 -0.00238438 -1.57034 0.247065 0.246003 0.0684891
0.00690047 -0.000618268 -1.57102 0.247065 0.246003 0.0684891
0.00801917 -0.000623326 -1.57151 0.247065 0.246003 0.0684891
0.00723038 -0.000584518 -1.57138 0.247065 0.246003 0.0684891
0.00677138 -0.000497152 -1.57113 0.247065 0.246003 0.0684891
0.00992648 -0.00029441 -1.57341 0.247065 0.246003 0.0684891
0.00732876 -0.00157599 -1.57029 0.247065 0.246003 0.0684891
0.00796359 -0.000262529 -1.57112 0.247065 0.246003 0.0684891
0.00642619 -0.00216118 -1.57074 0.247065 0.246003 0.0684891
0.00701483 -0.000865938 -1.57124 0.247065 0.246003 0.0684891
0.00638285 -0.000347336 -1.57149 0.247065 0.246003 0.0684891
0.00757087 -0.00203464 -1.57117 0.247065 0.246003 0.0684891
0.00669112 9.3831e-05 -1.57168 0.247065 0.246003 0.0684891
0.00713199 0.00032339 -1.57117 0.247065 0.246003 0.0684891
0.00713199 0.00032339 -1.57117 0.247065 0.246003 0.0684891
0.00713199 0.00032339 -1.57117 0.247065 0.246003 0.0684891
0.00713199 0.00032339 -1.57117 0.247065 0.246003 0.0684891
0.00713199 0.00032339 -1.57117 0.247065 0.246003 0.0684891
0.00713199 0.00032339 -1.57117 0.247065 0.246003 0.0684891
0.00713199 0.00032339 -1.57117 0.247065 0.246003 0.0684891
0.00713199 0.00032339 -1.57117 0.247065 0.246003 0.0684891
0.00713199 0.00032339 -1.57117 0.247065 0.246003 0.0684891
0.00571537 5.61346e-05 -1.57117 0.247065 0.246003 0.0684891
0.00735069 -0.00184711 -1.57043 0.247065 0.246003 0.0684891
0.00710947 -0.00102723 -1.57065 0.247065 0.246003 0.0684891
0.00739436 -0.000607953 -1.57164 0.247065 0.246003 0.0684891
0.00661243 0.000639049 -1.57191 0.247065 0.246003 0.0684891
0.0079648 -0.00133863 -1.5712 0.247065 0.246003 0.0684891
0.00797182 0.000294761 -1.57209 0.247065 0.246003 0.0684891
0.00823786 -8.15177e-05 -1.57198 0.247065 0.246003 0.0684891
0.00806228 -0.000312314 -1.57097 0.247065 0.246003 0.0684891
0.00806346 -0.00031471 -1.57097 0.247065 0.246003 0.0684891
0.00806346 -0.00031471 -1.57097 0.247065 0.246003 0.0684891
0.00806346 -0.00031471 -1.57097 0.247065 0.246003 0.0684891
0.00806346 -0.00031471 -1.57097 0.247065 0.246003 0.0684891
0.00806346 -0.00031471 -1.57097 0.247065 0.246003 0.0684891
0.0320945 -0.571595 0.0587398 0.0097978 0.00971604 0.00990587
0.0320945 -0.571595 0.0587398 0.0097978 0.00971604 0.00990587
0.0330917 -0.570993 0.0597176 0.0097978 0.00971604 0.00990587
0.0330917 -0.570993 0.0597176 0.0097978 0.00971604 0.00990587
0.0334626 -0.570975 0.0595656 0.0097978 0.00971604 0.00990587
0.0330503 -0.570269 0.0593836 0.0097978 0.00971604 0.00990587
0.0336665 -0.572166 0.0591735 0.0097978 0.00971604 0.00990587
0.0336665 -0.572166 0.0591735 0.0097978 0.00971604 0.00990587
0.0327033 -0.570992 0.0593664 0.0097978 0.00971604 0.00990587
0.0339024 -0.571317 0.0604762 0.0097978 0.00971604 0.00990587
0.0333091 -0.572081 0.0594132 0.0097978 0.00971604 0.00990587
0.0339965 -0.571291 0.0602089 0.0097978 0.00971604 0.00990587
0.033303 -0.570949 0.0594449 0.0097978 0.00971604 0.00990587
0.0317349 -0.571185 0.0584848 0.0097978 0.00971604 0.00990587
0.0326493 -0.571885 0.0598622 0.0097978 0.00971604 0.00990587
0.0324585 -0.56965 0.0584835 0.0097978 0.00971604 0.00990587
0.0327936 -0.570474 0.0593499 0.0097978 0.00971604 0.00990587
0.0329458 -0.570647 0.0594013 0.0097978 0.00971604 0.00990587
0.0332662 -0.56931 0.0597317 0.0097978 0.00971604 0.00990587
0.0323261 -0.570689 0.0592103 0.0097978 0.00971604 0.00990587
0.03332 -0.569066 0.0586334 0.0097978 0.00971604 0.00990587
0.0326028 -0.57039 0.0588797 0.0097978 0.00971604 0.00990587
0.0333704 -0.570394 0.0600411 0.0097978 0.00971604 0.00990587
0.0314237 -0.570496 0.0583384 0.0097978 0.00971604 0.00990587
0.0312328 -0.569462 0.0580077 0.0097978 0.00971604 0.00990587
0.0326262 -0.570119 0.0588748 0.0097978 0.00971604 0.00990587
0.0331186 -0.569456 0.0586903 0.0097978 0.00971604 0.00990587
0.0313625 -0.568391 0.0578954 0.0097978 0.00971604 0.00990587
0.0324912 -0.569332 0.0602021 0.0097978 0.00971604 0.00990587
0.0324912 -0.569332 0.0602021 0.0097978 0.00971604 0.00990587
0.0307918 -0.569738 0.057987 0.0097978 0.00971604 0.00990587
0.0317178 -0.568867 0.0591714 0.0097978 0.00971604 0.00990587
0.0326964 -0.568618 0.0589953 0.0097978 0.00971604 0.00990587
0.0314853 -0.569694 0.0591569 0.0097978 0.00971604 0.00990587
0.0326683 -0.569319 0.0603512 0.0097978 0.00971604 0.00990587
0.0313764 -0.568935 0.0588246 0.0097978 0.00971604 0.00990587
0.0330983 -0.56863 0.0598258 0.0097978 0.00971604 0.00990587
0.0322042 -0.569534 0.0590438 0.0097978 0.00971604 0.00990587
0.0320597 -0.568148 0.0583948 0.0097978 0.00971604 0.00990587
0.0324406 -0.569715 0.0594688 0.0097978 0.00971604 0.00990587
0.0324154 -0.568644 0.0602715 0.0097978 0.00971604 0.00990587
0.0313568 -0.569765 0.0590461 0.0097978 0.00971604 0.00990587
0.0325263 -0.569701 0.0585112 0.0097978 0.00971604 0.00990587
0.0328499 -0.569589 0.0601637 0.0097978 0.00971604 0.00990587
0.0342729 -0.570434 0.0602042 0.0097978 0.00971604 0.00990587
0.0306304 -0.569303 0.0585064 0.0097978 0.00971604 0.00990587
0.0327198 -0.570155 0.0594417 0.0097978 0.00971604 0.00990587
0.031496 -0.570366 0.0590177 0.0097978 0.00971604 0.00990587
0.0320681 -0.57087 0.0596046 0.0097978 0.00971604 0.00990587
0.0321209 -0.570405 0.0594146 0.0097978 0.00971604 0.00990587
0.0320213 -0.569789 0.0587054 0.0097978 0.00971604 0.00990587
0.0315069 -0.570253 0.0593179 0.0097978 0.00971604 0.00990587
0.0322865 -0.570705 0.0586749 0.0097978 0.00971604 0.00990587
0.0316017 -0.56929 0.0584011 0.0097978 0.00971604 0.00990587
0.0328331 -0.569662 0.0594939 0.0097978 0.00971604 0.00990587
0.0322315 -0.567581 0.0584089 0.0097978 0.00971604 0.00990587
0.0322315 -0.567581 0.0584089 0.0097978 0.00971604 0.00990587
0.0317153 -0.568868 0.0589905 0.0097978 0.00971604 0.00990587
0.0320339 -0.569487 0.0595312 0.0097978 0.00971604 0.00990587
0.0314053 -0.570113 0.0592395 0.0097978 0.00971604 0.00990587
0.0328235 -0.569463 0.0586408 0.0097978 0.00971604 0.00990587
0.0308399 -0.569958 0.0581255 0.0097978 0.00971604 0.00990587
0.0328123 -0.567522 0.0599085 0.0097978 0.00971604 0.00990587
0.0322977 -0.568717 0.0599795 0.0097978 0.00971604 0.00990587
0.0308212 -0.569662 0.05805 0.0097978 0.00971604 0.00990587
0.0319067 -0.567511 0.0583752 0.0097978 0.00971604 0.00990587
0.0319067 -0.567511 0.0583752 0.0097978 0.00971604 0.00990587
0.0317463 -0.568986 0.0580621 0.0097978 0.00971604 0.00990587
0.0315725 -0.570162 0.0580518 0.0097978 0.00971604 0.00990587
0.0316119 -0.569813 0.0591275 0.0097978 0.00971604 0.00990587
0.0330329 -0.568579 0.0600164 0.0097978 0.00971604 0.00990587
0.0328437 -0.569189 0.059673 0.0097978 0.00971604 0.00990587
0.0320879 -0.568777 0.0588029 0.0097978 0.00971604 0.00990587
0.0309324 -0.569999 0.0585605 0.0097978 0.00971604 0.00990587
0.0305947 -0.568205 0.0579846 0.0097978 0.00971604 0.00990587
0.0332926 -0.568763 0.0598414 0.0097978 0.00971604 0.00990587
0.0310893 -0.568997 0.0581823 0.0097978 0.00971604 0.00990587
0.0322386 -0.569637 0.0598085 0.0097978 0.00971604 0.00990587
0.0308396 -0.568696 0.0589755 0.0097978 0.00971604 0.00990587
0.032392 -0.569591 0.0600485 0.0097978 0.00971604 0.00990587
0.0327508 -0.570359 0.0593706 0.0097978 0.00971604 0.00990587
0.0337513 -0.568436 0.0606592 0.0097978 0.00971604 0.00990587
0.0326217 -0.568227 0.0595456 0.0097978 0.00971604 0.00990587
0.0312427 -0.567721 0.0571574 0.0097978 0.00971604 0.00990587
0.0308392 -0.568424 0.0600825 0.0097978 0.00971604 0.00990587
0.0298306 -0.542383 0.0810509 0.0097978 0.00971604 0.00990587
0.0274221 -0.52508 0.0999515 0.0097978 0.00971604 0.00990587
0.0157025 -0.441241 0.159859 0.0097978 0.00971604 0.00990587
0.0157025 -0.441241 0.159859 0.0097978 0.00971604 0.00990587
-0.0068618 -0.340468 0.231773 0.0097978 0.00971604 0.00990587
-0.0068618 -0.340468 0.231773 0.0097978 0.00971604 0.00990587
-0.0068618 -0.340468 0.231773 0.0097978 0.00971604 0.00990587
-0.0068618 -0.340468 0.231773 0.0097978 0.00971604 0.00990587
-0.0902585 -0.156385 0.350658 0.0097978 0.00971604 0.00990587
-0.116065 -0.0950074 0.392774 0.00838867 0.00835765 0.00696135
-0.116065 -0.0950074 0.392774 0.00838867 0.00835765 0.00696135
-0.177333 0.0296298 0.466745 0.00838867 0.00835765 0.00696135
-0.214101 0.0863335 0.507821 0.00838867 0.00835765 0.00696135
-0.214101 0.0863335 0.507821 0.00838867 0.00835765 0.00696135
-0.214101 0.0863335 0.507821 0.00838867 0.00835765 0.00696135
-0.332401 0.230028 0.594819 0.0059052 0.00873538 0.00677989
-0.36887 0.278661 0.608169 0.0059052 0.00873538 0.00677989
-0.40637 0.32582 0.618522 0.0059052 0.00873538 0.00677989
-0.423525 0.349611 0.619768 0.0059052 0.00873538 0.00677989
-0.462647 0.394936 0.609483 0.0059052 0.00873538 0.00677989
-0.480202 0.415083 0.596714 0.0059052 0.00873538 0.00677989
-0.517474 0.476393 0.550731 0.0059052 0.00873538 0.00677989
-0.531733 0.494571 0.534273 0.0059052 0.00873538 0.00677989
-0.564033 0.526625 0.509241 0.00479003 0.00998557 0.0064797
-0.583048 0.566948 0.478951 0.00479003 0.00998557 0.0064797
-0.604677 0.613536 0.411785 0.00479003 0.00998557 0.0064797
-0.615368 0.638803 0.372108 0.00479003 0.00998557 0.0064797
-0.637257 0.692604 0.268463 0.00479003 0.00998557 0.0064797
-0.645308 0.723256 0.210263 0.00479003 0.00998557 0.0064797
-0.65848 0.80841 0.0153455 0.00479003 0.00998557 0.0064797
-0.658275 0.837903 -0.0484452 0.00479003 0.00998557 0.0064797
-0.654247 0.893835 -0.184335 0.00479003 0.00998557 0.0064797
-0.646669 0.94803 -0.309452 0.00551224 0.0111139 0.00675607
-0.633046 1.00331 -0.436083 0.00551224 0.0111139 0.00675607
-0.608645 1.05945 -0.559326 0.00551224 0.0111139 0.00675607
-0.608645 1.05945 -0.559326 0.00551224 0.0111139 0.00675607
-0.555247 1.12661 -0.733121 0.00551224 0.0111139 0.00675607
-0.486196 1.18603 -0.878622 0.00551224 0.0111139 0.00675607
-0.464089 1.2038 -0.917111 0.00551224 0.0111139 0.00675607
-0.464089 1.2038 -0.917111 0.00551224 0.0111139 0.00675607
-0.391027 1.25136 -1.02163 0.00551224 0.0111139 0.00675607
-0.391027 1.25136 -1.02163 0.00551224 0.0111139 0.00675607
-0.368098 1.26844 -1.04631 0.00551224 0.0111139 0.00675607
-0.24982 1.30659 -1.20787 0.00748702 0.00808349 0.00735883
-0.233249 1.31515 -1.22429 0.00748702 0.00808349 0.00735883
-0.196494 1.32717 -1.26032 0.00748702 0.00808349 0.00735883
-0.196494 1.32717 -1.26032 0.00748702 0.00808349 0.00735883
-0.196494 1.32717 -1.26032 0.00748702 0.00808349 0.00735883
-0.135732 1.34553 -1.31863 0.00748702 0.00808349 0.00735883
-0.085502 1.35785 -1.34884 0.00748702 0.00808349 0.00735883
-0.057407 1.36523 -1.36681 0.00748702 0.00808349 0.00735883
-0.0314168 1.37373 -1.38348 0.00748702 0.00808349 0.00735883
0.0136465 1.38138 -1.4051 0.00748702 0.00808349 0.00735883
0.0419261 1.387 -1.42258 0.00748702 0.00808349 0.00735883
0.069422 1.38851 -1.45134 0.00750267 0.00604535 0.00547598
0.0824522 1.38881 -1.45984 0.00750267 0.00604535 0.00547598
0.121353 1.39396 -1.48287 0.00750267 0.00604535 0.00547598
0.146274 1.39587 -1.4976 0.00750267 0.00604535 0.00547598
0.171181 1.39996 -1.51024 0.00750267 0.00604535 0.00547598
0.193688 1.4015 -1.52094 0.00750267 0.00604535 0.00547598
0.212165 1.39837 -1.52355 0.00750267 0.00604535 0.00547598
0.231097 1.39487 -1.52325 0.00750267 0.00604535 0.00547598
0.254412 1.39561 -1.52423 0.00750267 0.00604535 0.00547598
0.262471 1.39489 -1.52248 0.00750267 0.00604535 0.00547598
0.284568 1.39658 -1.52223 0.00750267 0.00604535 0.00547598
0.306777 1.40061 -1.52494 0.00750267 0.00604535 0.00547598
0.323688 1.39926 -1.52235 0.00750267 0.00604535 0.00547598
0.342757 1.40188 -1.52288 0.00750267 0.00604535 0.00547598
0.357609 1.40174 -1.52086 0.00750267 0.00604535 0.00547598
0.374632 1.40665 -1.52538 0.00750267 0.00604535 0.00547598
0.386908 1.40693 -1.52348 0.00750267 0.00604535 0.00547598
0.40026 1.40702 -1.5241 0.00750267 0.00604535 0.00547598
0.409937 1.40833 -1.52383 0.00750267 0.00604535 0.00547598
0.430746 1.41175 -1.52652 0.00750267 0.00604535 0.00547598
0.438867 1.41297 -1.52573 0.00750267 0.00604535 0.00547598
0.46155 1.4144 -1.5248 0.00750267 0.00604535 0.00547598
0.46155 1.4144 -1.5248 0.00750267 0.00604535 0.00547598
0.486686 1.40898 -1.53379 0.00675328 0.00617123 0.00420506
0.499047 1.41 -1.5327 0.00675328 0.00617123 0.00420506
0.505293 1.40854 -1.53031 0.00675328 0.00617123 0.00420506
0.527697 1.40938 -1.52862 0.00675328 0.00617123 0.00420506
0.547528 1.41242 -1.52799 0.00675328 0.00617123 0.00420506
0.557104 1.41521 -1.53071 0.00675328 0.00617123 0.00420506
0.580723 1.41731 -1.53195 0.00675328 0.00617123 0.00420506
0.594075 1.42182 -1.53422 0.00675328 0.00617123 0.00420506
0.598364 1.42116 -1.53382 0.00675328 0.00617123 0.00420506
0.607249 1.42074 -1.53358 0.00675328 0.00617123 0.00420506
0.614431 1.42397 -1.5353 0.00675328 0.00617123 0.00420506
0.63035 1.41997 -1.53172 0.00675328 0.00617123 0.00420506
0.643632 1.42381 -1.53404 0.00675328 0.00617123 0.00420506
0.64872 1.42671 -1.53466 0.00675328 0.00617123 0.00420506
0.670146 1.42718 -1.53302 0.00675328 0.00617123 0.00420506
0.69587 1.42971 -1.5321 0.00675328 0.00617123 0.00420506
0.78604 1.43618 -1.5369 0.00675328 0.00617123 0.00420506
0.851196 1.4404 -1.54208 0.00675328 0.00617123 0.00420506
0.890331 1.44373 -1.54132 0.00675328 0.00617123 0.00420506
0.890331 1.44373 -1.54132 0.00675328 0.00617123 0.00420506
1.0109 1.45171 -1.57355 0.00562211 0.00508027 0.00311541
1.1231 1.45671 -1.60015 0.00562211 0.00508027 0.00311541
1.16073 1.45966 -1.61524 0.00562211 0.00508027 0.00311541
1.16073 1.45966 -1.61524 0.00562211 0.00508027 0.00311541
1.23335 1.45825 -1.64206 0.00562211 0.00508027 0.00311541
1.3329 1.44401 -1.72295 0.00562211 0.00508027 0.00311541
1.40685 1.42257 -1.79137 0.00492935 0.00455156 0.00263465
1.47041 1.4074 -1.86302 0.00492935 0.00455156 0.00263465
1.54925 1.37424 -1.96342 0.00492935 0.00455156 0.00263465
1.57046 1.36191 -1.9952 0.00492935 0.00455156 0.00263465
1.63202 1.32797 -2.07582 0.00492935 0.00455156 0.00263465
1.65272 1.31802 -2.09973 0.00492935 0.00455156 0.00263465
1.68112 1.29683 -2.13411 0.00492935 0.00455156 0.00263465
1.7307 1.26599 -2.16105 0.00492935 0.00455156 0.00263465
1.76177 1.24639 -2.1778 0.00492935 0.00455156 0.00263465
1.78638 1.22618 -2.19411 0.00492935 0.00455156 0.00263465
1.81243 1.20206 -2.19733 0.00492935 0.00455156 0.00263465
1.83951 1.18616 -2.19089 0.00503861 0.00487307 0.00253392
1.87243 1.16128 -2.1749 0.00503861 0.00487307 0.00253392
1.89358 1.15313 -2.16858 0.00503861 0.00487307 0.00253392
1.91676 1.1363 -2.16257 0.00503861 0.00487307 0.00253392
1.93381 1.12431 -2.15992 0.00503861 0.00487307 0.00253392
1.95034 1.11743 -2.1532 0.00503861 0.00487307 0.00253392
1.98004 1.09506 -2.1223 0.00503861 0.00487307 0.00253392
1.99424 1.08957 -2.11424 0.00503861 0.00487307 0.00253392
2.01968 1.06869 -2.09752 0.00503861 0.00487307 0.00253392
2.05513 1.05497 -2.0924 0.00503861 0.00487307 0.00253392
2.06873 1.05362 -2.09615 0.00503861 0.00487307 0.00253392
2.08089 1.03818 -2.10184 0.00503861 0.00487307 0.00253392
2.10027 1.02894 -2.11105 0.00503861 0.00487307 0.00253392
2.11115 1.01863 -2.12033 0.00503861 0.00487307 0.00253392
2.13235 1.0018 -2.12543 0.00503861 0.00487307 0.00253392
2.15066 0.985739 -2.13766 0.00503861 0.00487307 0.00253392
2.16112 0.981787 -2.14345 0.00503861 0.00487307 0.00253392
2.18447 0.966665 -2.15758 0.00503861 0.00487307 0.00253392
2.19751 0.955374 -2.16798 0.00503861 0.00487307 0.00253392
2.20638 0.948582 -2.17107 0.00503861 0.00487307 0.00253392
2.22013 0.934204 -2.1854 0.00503861 0.00487307 0.00253392
2.22451 0.927125 -2.18745 0.00503861 0.00487307 0.00253392
2.23661 0.921803 -2.1921 0.00503861 0.00487307 0.00253392
2.26241 0.914136 -2.19752 0.0050334 0.00462918 0.00246384
2.28724 0.896258 -2.21181 0.0050334 0.00462918 0.00246384
2.29804 0.895148 -2.21749 0.0050334 0.00462918 0.00246384
2.31634 0.878587 -2.22603 0.0050334 0.00462918 0.00246384
2.32841 0.863836 -2.22854 0.0050334 0.00462918 0.00246384
2.33883 0.853839 -2.23503 0.0050334 0.00462918 0.00246384
2.36614 0.835959 -2.23953 0.0050334 0.00462918 0.00246384
2.38219 0.81809 -2.24168 0.0050334 0.00462918 0.00246384
2.39271 0.809763 -2.23966 0.0050334 0.00462918 0.00246384
2.40051 0.793794 -2.2323 0.0050334 0.00462918 0.00246384
2.41056 0.787748 -2.23251 0.0050334 0.00462918 0.00246384
2.41536 0.781632 -2.23042 0.0050334 0.00462918 0.00246384
2.43317 0.770605 -2.22746 0.0050334 0.00462918 0.00246384
2.4367 0.760908 -2.21841 0.0050334 0.00462918 0.00246384
2.44353 0.756116 -2.21581 0.0050334 0.00462918 0.00246384
2.45744 0.743497 -2.20746 0.0050334 0.00462918 0.00246384
2.45744 0.743497 -2.20746 0.0050334 0.00462918 0.00246384
2.47379 0.739029 -2.17531 0.0050334 0.00462918 0.00246384
2.47379 0.739029 -2.17531 0.0050334 0.00462918 0.00246384
2.47549 0.73688 -2.15013 0.0050334 0.00462918 0.00246384
2.47965 0.737283 -2.1261 0.0050334 0.00462918 0.00246384
2.47979 0.73629 -2.11938 0.0050334 0.00462918 0.00246384
2.48101 0.737084 -2.11777 0.0050334 0.00462918 0.00246384
2.4794 0.735737 -2.11377 0.0050334 0.00462918 0.00246384
2.47866 0.735373 -2.11092 0.0050334 0.00462918 0.00246384
2.47874 0.736361 -2.11164 0.0050334 0.00462918 0.00246384
2.48125 0.73903 -2.11403 0.0050334 0.00462918 0.00246384
2.48084 0.736162 -2.11245 0.0050334 0.00462918 0.00246384
2.47927 0.737408 -2.11113 0.0050334 0.00462918 0.00246384
2.47991 0.736257 -2.11133 0.0050334 0.00462918 0.00246384
2.47978 0.737173 -2.11023 0.0050334 0.00462918 0.00246384
2.47961 0.736044 -2.11006 0.0050334 0.00462918 0.00246384
2.47891 0.73767 -2.10984 0.0050334 0.00462918 0.00246384
2.47755 0.737078 -2.10872 0.0050334 0.00462918 0.00246384
2.47852 0.736548 -2.10919 0.0050334 0.00462918 0.00246384
2.47976 0.736064 -2.10882 0.0050334 0.00462918 0.00246384
2.47818 0.735939 -2.10818 0.0050334 0.00462918 0.00246384
2.47888 0.736758 -2.10796 0.0050334 0.00462918 0.00246384
2.47888 0.736758 -2.10796 0.0050334 0.00462918 0.00246384
2.47888 0.736758 -2.10796 0.0050334 0.00462918 0.00246384
2.47888 0.736758 -2.10796 0.0050334 0.00462918 0.00246384
2.48092 0.73584 -2.10755 0.0050334 0.00462918 0.00246384
2.48092 0.73584 -2.10755 0.0050334 0.00462918 0.00246384
2.48092 0.73584 -2.10755 0.0050334 0.00462918 0.00246384
2.48033 0.734938 -2.10621 0.0050334 0.00462918 0.00246384
2.48033 0.734938 -2.10621 0.0050334 0.00462918 0.00246384
2.48158 0.736288 -2.10566 0.0050334 0.00462918 0.00246384
2.48134 0.736201 -2.10459 0.0050334 0.00462918 0.00246384
2.48063 0.738447 -2.10546 0.0050334 0.00462918 0.00246384
2.48138 0.737174 -2.10558 0.0050334 0.00462918 0.00246384
2.48425 0.735576 -2.10415 0.0050334 0.00462918 0.00246384
2.48193 0.735909 -2.10447 0.0050334 0.00462918 0.00246384
2.4831 0.734928 -2.1033 0.0050334 0.00462918 0.00246384
2.4806 0.734732 -2.10342 0.0050334 0.00462918 0.00246384
2.48583 0.735168 -2.10479 0.0050334 0.00462918 0.00246384
2.48316 0.734513 -2.1038 0.0050334 0.00462918 0.00246384
2.48462 0.733991 -2.10328 0.0050334 0.00462918 0.00246384
2.48505 0.733956 -2.10391 0.0050334 0.00462918 0.00246384
2.48548 0.734063 -2.10348 0.0050334 0.00462918 0.00246384
2.48119 0.731705 -2.10025 0.0050334 0.00462918 0.00246384
2.48338 0.733424 -2.1018 0.0050334 0.00462918 0.00246384
2.48212 0.733407 -2.10067 0.0050334 0.00462918 0.00246384
2.48167 0.731733 -2.0999 0.0050334 0.00462918 0.00246384
2.48305 0.732358 -2.10051 0.0050334 0.00462918 0.00246384
2.48328 0.732066 -2.10031 0.0050334 0.00462918 0.00246384
2.48485 0.731669 -2.10062 0.0050334 0.00462918 0.00246384
2.48362 0.733119 -2.10114 0.0050334 0.00462918 0.00246384
2.48336 0.73261 -2.10111 0.0050334 0.00462918 0.00246384
2.48314 0.73179 -2.10077 0.0050334 0.00462918 0.00246384
2.48314 0.73179 -2.10077 0.0050334 0.00462918 0.00246384
2.48332 0.73237 -2.10034 0.0050334 0.00462918 0.00246384
2.48214 0.731821 -2.10018 0.0050334 0.00462918 0.00246384
2.48417 0.73358 -2.10172 0.0050334 0.00462918 0.00246384
2.48411 0.73269 -2.10145 0.0050334 0.00462918 0.00246384
2.48408 0.733294 -2.10217 0.0050334 0.00462918 0.00246384
2.48437 0.732553 -2.10099 0.0050334 0.00462918 0.00246384
2.48417 0.73309 -2.10112 0.0050334 0.00462918 0.00246384
2.48554 0.734985 -2.10223 0.0050334 0.00462918 0.00246384
2.48554 0.734985 -2.10223 0.0050334 0.00462918 0.00246384
2.48605 0.733008 -2.10199 0.0050334 0.00462918 0.00246384
2.48605 0.733008 -2.10199 0.0050334 0.00462918 0.00246384
2.48546 0.733237 -2.10181 0.0050334 0.00462918 0.00246384
2.4847 0.733903 -2.1013 0.0050334 0.00462918 0.00246384
2.48405 0.732344 -2.09943 0.0050334 0.00462918 0.00246384
2.48405 0.732344 -2.09943 0.0050334 0.00462918 0.00246384
