0.00834645 -0.00378368 -1.5686 0.247065 0.246003 0.0684891
0.00834645 -0.00378368 -1.5686 0.247065 0.246003 0.0684891
0.00975952 -0.00459886 -1.56913 0.247065 0.246003 0.0684891
0.00975952 -0.00459886 -1.56913 0.247065 0.246003 0.0684891
0.0104738 -0.00424364 -1.56873 0.247065 0.246003 0.0684891
0.00847649 -0.00337626 -1.56879 0.247065 0.246003 0.0684891
0.00815671 -0.00261032 -1.56903 0.247065 0.246003 0.0684891
0.00815671 -0.00261032 -1.56903 0.247065 0.246003 0.0684891
0.00896928 -0.0042845 -1.56921 0.247065 0.246003 0.0684891
0.00896534 -0.00309366 -1.56884 0.247065 0.246003 0.0684891
0.0106445 -0.00484142 -1.56824 0.247065 0.246003 0.0684891
0.00879548 -0.0042181 -1.56867 0.247065 0.246003 0.0684891
0.00800787 -0.00304129 -1.56912 0.247065 0.246003 0.0684891
0.00800787 -0.00304129 -1.56912 0.247065 0.246003 0.0684891
0.00896955 -0.00383794 -1.56929 0.247065 0.246003 0.0684891
0.00768093 -0.00224847 -1.56969 0.247065 0.246003 0.0684891
0.00866621 -0.00229469 -1.56963 0.247065 0.246003 0.0684891
0.00836489 -0.00397598 -1.56904 0.247065 0.246003 0.0684891
0.00941397 -0.0040929 -1.56958 0.247065 0.246003 0.0684891
0.00941397 -0.0040929 -1.56958 0.247065 0.246003 0.0684891
0.0100909 -0.00541466 -1.56835 0.247065 0.246003 0.0684891
0.0100909 -0.00541466 -1.56835 0.247065 0.246003 0.0684891
0.0113656 -0.0046283 -1.56849 0.247065 0.246003 0.0684891
0.00890628 -0.00339174 -1.56915 0.247065 0.246003 0.0684891
0.00989081 -0.00328786 -1.56921 0.247065 0.246003 0.0684891
0.00989081 -0.00328786 -1.56921 0.247065 0.246003 0.0684891
0.00929553 -0.00374403 -1.56918 0.247065 0.246003 0.0684891
0.00929553 -0.00374403 -1.56918 0.247065 0.246003 0.0684891
0.0086595 -0.00279878 -1.56908 0.247065 0.246003 0.0684891
0.00917791 -0.00369213 -1.56948 0.247065 0.246003 0.0684891
0.00868223 -0.00354398 -1.56888 0.247065 0.246003 0.0684891
0.00868223 -0.00354398 -1.56888 0.247065 0.246003 0.0684891
0.00979964 -0.00403081 -1.56859 0.247065 0.246003 0.0684891
0.00979964 -0.00403081 -1.56859 0.247065 0.246003 0.0684891
0.00921 -0.00374659 -1.56884 0.247065 0.246003 0.0684891
0.00894433 -0.00220582 -1.57007 0.247065 0.246003 0.0684891
0.00894433 -0.00220582 -1.57007 0.247065 0.246003 0.0684891
0.00864557 -0.00394839 -1.5693 0.247065 0.246003 0.0684891
0.00888278 -0.00436433 -1.56866 0.247065 0.246003 0.0684891
0.0104979 -0.00394154 -1.56945 0.247065 0.246003 0.0684891
0.00818185 -0.00251363 -1.57011 0.247065 0.246003 0.0684891
0.00818185 -0.00251363 -1.57011 0.247065 0.246003 0.0684891
0.00945085 -0.00275541 -1.57052 0.247065 0.246003 0.0684891
0.00945085 -0.00275541 -1.57052 0.247065 0.246003 0.0684891
0.00945085 -0.00275541 -1.57052 0.247065 0.246003 0.0684891
0.00818178 -0.00189814 -1.57014 0.247065 0.246003 0.0684891
0.0104445 -0.00394804 -1.56917 0.247065 0.246003 0.0684891
0.0109318 -0.00494067 -1.56981 0.247065 0.246003 0.0684891
0.0105262 -0.00368324 -1.56948 0.247065 0.246003 0.0684891
0.00965377 -0.00414976 -1.56931 0.247065 0.246003 0.0684891
0.00965377 -0.00414976 -1.56931 0.247065 0.246003 0.0684891
0.00939556 -0.00397136 -1.56892 0.247065 0.246003 0.0684891
0.00939556 -0.00397136 -1.56892 0.247065 0.246003 0.0684891
0.00939556 -0.00397136 -1.56892 0.247065 0.246003 0.0684891
0.00739744 -0.00275164 -1.56996 0.247065 0.246003 0.0684891
0.0113854 -0.0046117 -1.56951 0.247065 0.246003 0.0684891
0.00907765 -0.00352161 -1.56946 0.247065 0.246003 0.0684891
0.00907765 -0.00352161 -1.56946 0.247065 0.246003 0.0684891
0.00907765 -0.00352161 -1.56946 0.247065 0.246003 0.0684891
0.0087982 -0.00383711 -1.56868 0.247065 0.246003 0.0684891
0.0087982 -0.00383711 -1.56868 0.247065 0.246003 0.0684891
0.00816161 -0.00246193 -1.56988 0.247065 0.246003 0.0684891
0.00827526 -0.00442159 -1.56886 0.247065 0.246003 0.0684891
0.00973678 -0.00383526 -1.56894 0.247065 0.246003 0.0684891
0.00902347 -0.00165525 -1.5703 0.247065 0.246003 0.0684891
0.00902347 -0.00165525 -1.5703 0.247065 0.246003 0.0684891
0.0101705 -0.00319514 -1.56992 0.247065 0.246003 0.0684891
0.0101705 -0.00319514 -1.56992 0.247065 0.246003 0.0684891
0.0101637 -0.00319368 -1.56992 0.247065 0.246003 0.0684891
0.0101637 -0.00319368 -1.56992 0.247065 0.246003 0.0684891
0.0101637 -0.00319368 -1.56992 0.247065 0.246003 0.0684891
0.0101637 -0.00319368 -1.56992 0.247065 0.246003 0.0684891
0.0101637 -0.00319368 -1.56992 0.247065 0.246003 0.0684891
0.0101637 -0.00319368 -1.56992 0.247065 0.246003 0.0684891
0.0101637 -0.00319368 -1.56992 0.247065 0.246003 0.0684891
0.0101637 -0.00319368 -1.56992 0.247065 0.246003 0.0684891
0.0101637 -0.00319368 -1.56992 0.247065 0.246003 0.0684891
0.0101637 -0.00319368 -1.56992 0.247065 0.246003 0.0684891
0.0101637 -0.00319368 -1.56992 0.247065 0.246003 0.0684891
0.0101637 -0.00319368 -1.56992 0.247065 0.246003 0.0684891
0.0101637 -0.00319368 -1.56992 0.247065 0.246003 0.0684891
0.0101637 -0.00319368 -1.56992 0.247065 0.246003 0.0684891
0.0101637 -0.00319368 -1.56992 0.247065 0.246003 0.0684891
0.0101637 -0.00319368 -1.56992 0.247065 0.246003 0.0684891
0.01046 -0.00486411 -1.56854 0.247065 0.246003 0.0684891
0.010877 -0.00424185 -1.569 0.247065 0.246003 0.0684891
0.0100864 -0.00471656 -1.56915 0.247065 0.246003 0.0684891
0.00965198 -0.00345321 -1.56947 0.247065 0.246003 0.0684891
0.0102614 -0.00430935 -1.56924 0.247065 0.246003 0.0684891
0.0102614 -0.00430935 -1.56924 0.247065 0.246003 0.0684891
0.00870553 -0.00432567 -1.56878 0.247065 0.246003 0.0684891
0.00966444 -0.00398853 -1.56965 0.247065 0.246003 0.0684891
0.00891965 -0.00347592 -1.56887 0.247065 0.246003 0.0684891
0.00909954 -0.00430098 -1.56864 0.247065 0.246003 0.0684891
0.00909954 -0.00430098 -1.56864 0.247065 0.246003 0.0684891
0.00955069 -0.00447954 -1.56878 0.247065 0.246003 0.0684891
0.00955069 -0.00447954 -1.56878 0.247065 0.246003 0.0684891
0.00955069 -0.00447954 -1.56878 0.247065 0.246003 0.0684891
0.00869317 -0.00417738 -1.56901 0.247065 0.246003 0.0684891
0.0087673 -0.0031072 -1.57025 0.247065 0.246003 0.0684891
0.0087673 -0.0031072 -1.57025 0.247065 0.246003 0.0684891
0.0087673 -0.0031072 -1.57025 0.247065 0.246003 0.0684891
0.00951869 -0.00385738 -1.56947 0.247065 0.246003 0.0684891
0.00951869 -0.00385738 -1.56947 0.247065 0.246003 0.0684891
0.00957021 -0.0031493 -1.56936 0.247065 0.246003 0.0684891
0.00957021 -0.0031493 -1.56936 0.247065 0.246003 0.0684891
0.00984717 -0.0038191 -1.56885 0.247065 0.246003 0.0684891
0.0110493 -0.00433133 -1.56945 0.247065 0.246003 0.0684891
0.0110493 -0.00433133 -1.56945 0.247065 0.246003 0.0684891
0.0110493 -0.00433133 -1.56945 0.247065 0.246003 0.0684891
0.0100072 -0.00349876 -1.56967 0.247065 0.246003 0.0684891
0.00908951 -0.00340777 -1.56977 0.247065 0.246003 0.0684891
0.00908951 -0.00340777 -1.56977 0.247065 0.246003 0.0684891
0.00926869 -0.0034913 -1.56944 0.247065 0.246003 0.0684891
0.00926869 -0.0034913 -1.56944 0.247065 0.246003 0.0684891
0.0093317 -0.00370794 -1.56913 0.247065 0.246003 0.0684891
0.00869005 -0.00307758 -1.56911 0.247065 0.246003 0.0684891
0.00869005 -0.00307758 -1.56911 0.247065 0.246003 0.0684891
0.00869005 -0.00307758 -1.56911 0.247065 0.246003 0.0684891
0.00936445 -0.00335123 -1.57004 0.247065 0.246003 0.0684891
0.00897965 -0.00400216 -1.56975 0.247065 0.246003 0.0684891
0.00897965 -0.00400216 -1.56975 0.247065 0.246003 0.0684891
0.0104136 -0.00433188 -1.56916 0.247065 0.246003 0.0684891
0.0099399 -0.00429666 -1.56871 0.247065 0.246003 0.0684891
0.0099399 -0.00429666 -1.56871 0.247065 0.246003 0.0684891
0.0099399 -0.00429666 -1.56871 0.247065 0.246003 0.0684891
0.0099399 -0.00429666 -1.56871 0.247065 0.246003 0.0684891
0.0099399 -0.00429666 -1.56871 0.247065 0.246003 0.0684891
0.0099399 -0.00429666 -1.56871 0.247065 0.246003 0.0684891
0.0106227 -0.00321028 -1.56961 0.247065 0.246003 0.0684891
0.0106227 -0.00321028 -1.56961 0.247065 0.246003 0.0684891
0.0103464 -0.00408711 -1.56944 0.247065 0.246003 0.0684891
0.0103597 -0.00394151 -1.56948 0.247065 0.246003 0.0684891
0.0103597 -0.00394151 -1.56948 0.247065 0.246003 0.0684891
0.0108063 -0.00436022 -1.56944 0.247065 0.246003 0.0684891
0.0108063 -0.00436022 -1.56944 0.247065 0.246003 0.0684891
0.00879365 -0.00289101 -1.56956 0.247065 0.246003 0.0684891
0.0094059 -0.00327078 -1.56969 0.247065 0.246003 0.0684891
0.0094059 -0.00327078 -1.56969 0.247065 0.246003 0.0684891
0.00932499 -0.00267503 -1.57025 0.247065 0.246003 0.0684891
0.00848063 -0.00273257 -1.57041 0.247065 0.246003 0.0684891
0.00848063 -0.00273257 -1.57041 0.247065 0.246003 0.0684891
0.00865423 -0.00352019 -1.56989 0.247065 0.246003 0.0684891
0.00844994 -0.00359188 -1.56927 0.247065 0.246003 0.0684891
0.00844994 -0.00359188 -1.56927 0.247065 0.246003 0.0684891
0.00844994 -0.00359188 -1.56927 0.247065 0.246003 0.0684891
0.0139377 -0.00344249 -1.57386 0.247065 0.246003 0.0684891
0.0139377 -0.00344249 -1.57386 0.247065 0.246003 0.0684891
0.0180662 -0.00543614 -1.5772 0.247065 0.246003 0.0684891
0.0180662 -0.00543614 -1.5772 0.247065 0.246003 0.0684891
0.02206 -0.00415026 -1.57943 0.247065 0.246003 0.0684891
0.02206 -0.00415026 -1.57943 0.247065 0.246003 0.0684891
0.0277279 -0.0057061 -1.58391 0.247065 0.246003 0.0684891
0.0372041 -0.00672601 -1.58962 0.247065 0.246003 0.0684891
0.0372041 -0.00672601 -1.58962 0.247065 0.246003 0.0684891
0.0399381 -0.00446524 -1.60029 0.247065 0.246003 0.0684891
0.0499378 -0.00872071 -1.60062 0.247065 0.246003 0.0684891
0.0499378 -0.00872071 -1.60062 0.247065 0.246003 0.0684891
0.066137 -0.0138872 -1.6156 0.247065 0.246003 0.0684891
0.0661939 -0.0139039 -1.61568 0.247065 0.246003 0.0684891
0.0661939 -0.0139039 -1.61568 0.247065 0.246003 0.0684891
0.0743592 -0.012427 -1.63011 0.247065 0.246003 0.0684891
0.0830561 -0.013451 -1.64663 0.247065 0.246003 0.0684891
0.0830561 -0.013451 -1.64663 0.247065 0.246003 0.0684891
0.0830561 -0.013451 -1.64663 0.247065 0.246003 0.0684891
0.0893068 -0.011116 -1.66121 0.247065 0.246003 0.0684891
0.097366 -0.0107525 -1.66884 0.247065 0.246003 0.0684891
0.105582 -0.00916302 -1.67566 0.247065 0.246003 0.0684891
0.105582 -0.00916302 -1.67566 0.247065 0.246003 0.0684891
0.111699 -0.00824679 -1.68069 0.247065 0.246003 0.0684891
0.11598 -0.00896189 -1.68833 0.247065 0.246003 0.0684891
0.120911 -0.0106771 -1.69869 0.247065 0.246003 0.0684891
0.120911 -0.0106771 -1.69869 0.247065 0.246003 0.0684891
0.124433 -0.0130378 -1.70689 0.247065 0.246003 0.0684891
0.131523 -0.0138396 -1.71761 0.247065 0.246003 0.0684891
0.131532 -0.0138242 -1.71763 0.247065 0.246003 0.0684891
0.131532 -0.0138242 -1.71763 0.247065 0.246003 0.0684891
0.137974 -0.0138371 -1.7222 0.247065 0.246003 0.0684891
0.143486 -0.0149534 -1.72453 0.247065 0.246003 0.0684891
0.143486 -0.0149534 -1.72453 0.247065 0.246003 0.0684891
0.152239 -0.0164782 -1.7296 0.247065 0.246003 0.0684891
0.161297 -0.019233 -1.73528 0.247065 0.246003 0.0684891
0.161297 -0.019233 -1.73528 0.247065 0.246003 0.0684891
0.166164 -0.0191504 -1.73984 0.247065 0.246003 0.0684891
0.170547 -0.0185169 -1.74364 0.247065 0.246003 0.0684891
0.170547 -0.0185169 -1.74364 0.247065 0.246003 0.0684891
0.170547 -0.0185169 -1.74364 0.247065 0.246003 0.0684891
0.170547 -0.0185169 -1.74364 0.247065 0.246003 0.0684891
0.188801 -0.0172564 -1.75905 0.247065 0.246003 0.0684891
0.188801 -0.0172564 -1.75905 0.247065 0.246003 0.0684891
0.2027 -0.0219394 -1.76258 0.247065 0.246003 0.0684891
0.206733 -0.0187075 -1.76635 0.247065 0.246003 0.0684891
0.210395 -0.0151102 -1.77122 0.247065 0.246003 0.0684891
0.210395 -0.0151102 -1.77122 0.247065 0.246003 0.0684891
0.223583 -0.02153 -1.76998 0.247065 0.246003 0.0684891
0.223583 -0.02153 -1.76998 0.247065 0.246003 0.0684891
0.223593 -0.0215229 -1.76999 0.247065 0.246003 0.0684891
0.223593 -0.0215229 -1.76999 0.247065 0.246003 0.0684891
0.223593 -0.0215229 -1.76999 0.247065 0.246003 0.0684891
0.223593 -0.0215229 -1.76999 0.247065 0.246003 0.0684891
0.223593 -0.0215229 -1.76999 0.247065 0.246003 0.0684891
0.223593 -0.0215229 -1.76999 0.247065 0.246003 0.0684891
0.223593 -0.0215229 -1.76999 0.247065 0.246003 0.0684891
0.223593 -0.0215229 -1.76999 0.247065 0.246003 0.0684891
0.223593 -0.0215229 -1.76999 0.247065 0.246003 0.0684891
0.223593 -0.0215229 -1.76999 0.247065 0.246003 0.0684891
0.452681 -0.00423571 -1.77354 0.246765 0.391032 0.0744838
0.457516 -0.00429071 -1.77498 0.246765 0.391032 0.0744838
0.457516 -0.00429071 -1.77498 0.246765 0.391032 0.0744838
0.457516 -0.00429071 -1.77498 0.246765 0.391032 0.0744838
0.466154 -0.00494024 -1.77751 0.246765 0.391032 0.0744838
0.466154 -0.00494024 -1.77751 0.246765 0.391032 0.0744838
0.466154 -0.00494024 -1.77751 0.246765 0.391032 0.0744838
0.466154 -0.00494024 -1.77751 0.246765 0.391032 0.0744838
0.503522 -0.0117945 -1.78771 0.246765 0.391032 0.0744838
0.51227 -0.0128417 -1.78954 0.246765 0.391032 0.0744838
0.51227 -0.0128417 -1.78954 0.246765 0.391032 0.0744838
0.51227 -0.0128417 -1.78954 0.246765 0.391032 0.0744838
0.51227 -0.0128417 -1.78954 0.246765 0.391032 0.0744838
0.51227 -0.0128417 -1.78954 0.246765 0.391032 0.0744838
0.529254 -0.0131665 -1.7967 0.246765 0.391032 0.0744838
0.554104 -0.0217244 -1.79798 0.246765 0.391032 0.0744838
0.561653 -0.0227166 -1.80246 0.246765 0.391032 0.0744838
0.575541 -0.0298946 -1.80249 0.246765 0.391032 0.0744838
0.575541 -0.0298946 -1.80249 0.246765 0.391032 0.0744838
0.583904 -0.0319204 -1.80538 0.246765 0.391032 0.0744838
0.584752 -0.0302832 -1.80821 0.246765 0.391032 0.0744838
0.584752 -0.0302832 -1.80821 0.246765 0.391032 0.0744838
0.596125 -0.0316069 -1.81027 0.246765 0.391032 0.0744838
0.60625 -0.0372815 -1.81197 0.246765 0.391032 0.0744838
0.60625 -0.0372815 -1.81197 0.246765 0.391032 0.0744838
0.60625 -0.0372815 -1.81197 0.246765 0.391032 0.0744838
0.60625 -0.0372815 -1.81197 0.246765 0.391032 0.0744838
0.60625 -0.0372815 -1.81197 0.246765 0.391032 0.0744838
0.60625 -0.0372815 -1.81197 0.246765 0.391032 0.0744838
0.60625 -0.0372815 -1.81197 0.246765 0.391032 0.0744838
0.60625 -0.0372815 -1.81197 0.246765 0.391032 0.0744838
0.638111 -0.044733 -1.82448 0.246765 0.391032 0.0744838
0.638111 -0.044733 -1.82448 0.246765 0.391032 0.0744838
0.638111 -0.044733 -1.82448 0.246765 0.391032 0.0744838
0.638111 -0.044733 -1.82448 0.246765 0.391032 0.0744838
0.638111 -0.044733 -1.82448 0.246765 0.391032 0.0744838
0.650183 -0.0499856 -1.82843 0.246765 0.391032 0.0744838
0.650183 -0.0499856 -1.82843 0.246765 0.391032 0.0744838
0.666344 -0.0542957 -1.83265 0.246765 0.391032 0.0744838
0.666402 -0.0543145 -1.83267 0.246765 0.391032 0.0744838
0.666402 -0.0543145 -1.83267 0.246765 0.391032 0.0744838
0.696434 -0.0637548 -1.83572 0.246765 0.391032 0.0744838
0.698226 -0.0652464 -1.83939 0.246765 0.391032 0.0744838
0.698226 -0.0652464 -1.83939 0.246765 0.391032 0.0744838
0.699702 -0.0665811 -1.83828 0.246765 0.391032 0.0744838
0.699714 -0.0665914 -1.83827 0.246765 0.391032 0.0744838
0.701413 -0.0624945 -1.84153 0.246765 0.391032 0.0744838
0.701413 -0.0624945 -1.84153 0.246765 0.391032 0.0744838
0.701413 -0.0624945 -1.84153 0.246765 0.391032 0.0744838
0.709111 -0.0684473 -1.84221 0.246765 0.391032 0.0744838
0.709111 -0.0684473 -1.84221 0.246765 0.391032 0.0744838
0.713232 -0.0689526 -1.84453 0.246765 0.391032 0.0744838
0.724233 -0.0743597 -1.84739 0.246765 0.391032 0.0744838
0.724233 -0.0743597 -1.84739 0.246765 0.391032 0.0744838
0.727057 -0.0733118 -1.85119 0.246765 0.391032 0.0744838
0.727057 -0.0733118 -1.85119 0.246765 0.391032 0.0744838
0.727057 -0.0733118 -1.85119 0.246765 0.391032 0.0744838
0.727057 -0.0733118 -1.85119 0.246765 0.391032 0.0744838
0.739168 -0.0786831 -1.85391 0.246765 0.391032 0.0744838
0.75306 -0.0803783 -1.85934 0.246765 0.391032 0.0744838
0.762708 -0.0844614 -1.85999 0.246765 0.391032 0.0744838
0.766059 -0.0860535 -1.86078 0.246765 0.391032 0.0744838
0.768471 -0.0851081 -1.86459 0.246765 0.391032 0.0744838
0.768489 -0.0851009 -1.86462 0.246765 0.391032 0.0744838
0.780632 -0.0922066 -1.86643 0.246765 0.391032 0.0744838
0.780632 -0.0922066 -1.86643 0.246765 0.391032 0.0744838
0.786609 -0.0928517 -1.86825 0.246765 0.391032 0.0744838
0.786609 -0.0928517 -1.86825 0.246765 0.391032 0.0744838
0.791618 -0.0979772 -1.86883 0.246765 0.391032 0.0744838
0.791618 -0.0979772 -1.86883 0.246765 0.391032 0.0744838
0.8001 -0.0997748 -1.87186 0.246765 0.391032 0.0744838
0.8001 -0.0997748 -1.87186 0.246765 0.391032 0.0744838
0.807001 -0.10165 -1.87476 0.246765 0.391032 0.0744838
0.807001 -0.10165 -1.87476 0.246765 0.391032 0.0744838
0.807001 -0.10165 -1.87476 0.246765 0.391032 0.0744838
0.807001 -0.10165 -1.87476 0.246765 0.391032 0.0744838
0.807001 -0.10165 -1.87476 0.246765 0.391032 0.0744838
0.807001 -0.10165 -1.87476 0.246765 0.391032 0.0744838
0.807001 -0.10165 -1.87476 0.246765 0.391032 0.0744838
0.807001 -0.10165 -1.87476 0.246765 0.391032 0.0744838
0.807001 -0.10165 -1.87476 0.246765 0.391032 0.0744838
0.807001 -0.10165 -1.87476 0.246765 0.391032 0.0744838
0.807001 -0.10165 -1.87476 0.246765 0.391032 0.0744838
0.807001 -0.10165 -1.87476 0.246765 0.391032 0.0744838
0.970246 -0.0292436 -1.85612 0.246765 0.391032 0.0744838
0.970246 -0.0292436 -1.85612 0.246765 0.391032 0.0744838
0.970246 -0.0292436 -1.85612 0.246765 0.391032 0.0744838
0.970246 -0.0292436 -1.85612 0.246765 0.391032 0.0744838
0.970246 -0.0292436 -1.85612 0.246765 0.391032 0.0744838
0.970246 -0.0292436 -1.85612 0.246765 0.391032 0.0744838
0.990052 -0.0347151 -1.86031 0.206782 0.53385 0.0800286
0.990052 -0.0347151 -1.86031 0.206782 0.53385 0.0800286
0.990052 -0.0347151 -1.86031 0.206782 0.53385 0.0800286
0.990052 -0.0347151 -1.86031 0.206782 0.53385 0.0800286
1.00049 -0.0356609 -1.86435 0.206782 0.53385 0.0800286
1.00049 -0.0356609 -1.86435 0.206782 0.53385 0.0800286
1.00345 -0.0376524 -1.86628 0.206782 0.53385 0.0800286
1.02366 -0.0479311 -1.87281 0.206782 0.53385 0.0800286
1.02366 -0.0479311 -1.87281 0.206782 0.53385 0.0800286
1.02366 -0.0479311 -1.87281 0.206782 0.53385 0.0800286
1.03903 -0.0503985 -1.87785 0.206782 0.53385 0.0800286
1.04182 -0.0522378 -1.88135 0.206782 0.53385 0.0800286
1.04182 -0.0522378 -1.88135 0.206782 0.53385 0.0800286
1.05291 -0.0558604 -1.88453 0.206782 0.53385 0.0800286
1.05291 -0.0558604 -1.88453 0.206782 0.53385 0.0800286
1.06222 -0.059139 -1.8875 0.206782 0.53385 0.0800286
1.06222 -0.059139 -1.8875 0.206782 0.53385 0.0800286
1.07045 -0.0598549 -1.88931 0.206782 0.53385 0.0800286
1.07045 -0.0598549 -1.88931 0.206782 0.53385 0.0800286
1.07471 -0.0661939 -1.88788 0.206782 0.53385 0.0800286
1.08962 -0.0704137 -1.89256 0.206782 0.53385 0.0800286
1.08962 -0.0704137 -1.89256 0.206782 0.53385 0.0800286
1.10148 -0.0737682 -1.8952 0.206782 0.53385 0.0800286
1.10148 -0.0737682 -1.8952 0.206782 0.53385 0.0800286
1.10578 -0.0734564 -1.89842 0.206782 0.53385 0.0800286
1.10578 -0.0734564 -1.89842 0.206782 0.53385 0.0800286
1.10578 -0.0734564 -1.89842 0.206782 0.53385 0.0800286
1.11335 -0.0761261 -1.90122 0.206782 0.53385 0.0800286
1.12062 -0.0798539 -1.90283 0.206782 0.53385 0.0800286
1.12062 -0.0798539 -1.90283 0.206782 0.53385 0.0800286
1.12062 -0.0798539 -1.90283 0.206782 0.53385 0.0800286
1.12062 -0.0798539 -1.90283 0.206782 0.53385 0.0800286
1.12062 -0.0798539 -1.90283 0.206782 0.53385 0.0800286
1.12062 -0.0798539 -1.90283 0.206782 0.53385 0.0800286
1.12062 -0.0798539 -1.90283 0.206782 0.53385 0.0800286
1.12062 -0.0798539 -1.90283 0.206782 0.53385 0.0800286
1.12062 -0.0798539 -1.90283 0.206782 0.53385 0.0800286
1.12062 -0.0798539 -1.90283 0.206782 0.53385 0.0800286
1.12062 -0.0798539 -1.90283 0.206782 0.53385 0.0800286
1.17464 -0.10223 -1.9207 0.206782 0.53385 0.0800286
1.17464 -0.10223 -1.9207 0.206782 0.53385 0.0800286
1.19642 -0.108631 -1.93323 0.206782 0.53385 0.0800286
1.19642 -0.108631 -1.93323 0.206782 0.53385 0.0800286
1.19642 -0.108631 -1.93323 0.206782 0.53385 0.0800286
1.19642 -0.108631 -1.93323 0.206782 0.53385 0.0800286
1.19642 -0.108631 -1.93323 0.206782 0.53385 0.0800286
1.19642 -0.108631 -1.93323 0.206782 0.53385 0.0800286
1.19642 -0.108631 -1.93323 0.206782 0.53385 0.0800286
1.22041 -0.124462 -1.94414 0.206782 0.53385 0.0800286
1.23412 -0.130874 -1.9589 0.206782 0.53385 0.0800286
1.24131 -0.139173 -1.96306 0.206782 0.53385 0.0800286
1.24131 -0.139173 -1.96306 0.206782 0.53385 0.0800286
1.24131 -0.139173 -1.96306 0.206782 0.53385 0.0800286
1.24131 -0.139173 -1.96306 0.206782 0.53385 0.0800286
1.25897 -0.150034 -1.97771 0.206782 0.53385 0.0800286
1.25897 -0.150034 -1.97771 0.206782 0.53385 0.0800286
1.27325 -0.157084 -1.98505 0.206782 0.53385 0.0800286
1.28149 -0.161594 -1.99562 0.206782 0.53385 0.0800286
1.28149 -0.161594 -1.99562 0.206782 0.53385 0.0800286
1.28149 -0.161594 -1.99562 0.206782 0.53385 0.0800286
1.29438 -0.171091 -2.00262 0.206782 0.53385 0.0800286
1.30185 -0.178249 -2.01065 0.206782 0.53385 0.0800286
1.30185 -0.178249 -2.01065 0.206782 0.53385 0.0800286
1.30185 -0.178249 -2.01065 0.206782 0.53385 0.0800286
1.31349 -0.185916 -2.02097 0.206782 0.53385 0.0800286
1.31349 -0.185916 -2.02097 0.206782 0.53385 0.0800286
1.32249 -0.192309 -2.02861 0.206782 0.53385 0.0800286
1.32733 -0.199844 -2.03417 0.206782 0.53385 0.0800286
1.32733 -0.199844 -2.03417 0.206782 0.53385 0.0800286
1.32733 -0.199844 -2.03417 0.206782 0.53385 0.0800286
1.32733 -0.199844 -2.03417 0.206782 0.53385 0.0800286
1.32733 -0.199844 -2.03417 0.206782 0.53385 0.0800286
1.32733 -0.199844 -2.03417 0.206782 0.53385 0.0800286
1.32733 -0.199844 -2.03417 0.206782 0.53385 0.0800286
1.32733 -0.199844 -2.03417 0.206782 0.53385 0.0800286
1.32733 -0.199844 -2.03417 0.206782 0.53385 0.0800286
1.32733 -0.199844 -2.03417 0.206782 0.53385 0.0800286
1.32733 -0.199844 -2.03417 0.206782 0.53385 0.0800286
1.32733 -0.199844 -2.03417 0.206782 0.53385 0.0800286
1.32733 -0.199844 -2.03417 0.206782 0.53385 0.0800286
1.32733 -0.199844 -2.03417 0.206782 0.53385 0.0800286
1.32733 -0.199844 -2.03417 0.206782 0.53385 0.0800286
1.32733 -0.199844 -2.03417 0.206782 0.53385 0.0800286
1.32733 -0.199844 -2.03417 0.206782 0.53385 0.0800286
1.32733 -0.199844 -2.03417 0.206782 0.53385 0.0800286
1.47955 0.0328116 -2.01674 0.162412 0.678281 0.0898353
1.47955 0.0328116 -2.01674 0.162412 0.678281 0.0898353
1.47955 0.0328116 -2.01674 0.162412 0.678281 0.0898353
1.47955 0.0328116 -2.01674 0.162412 0.678281 0.0898353
1.50325 0.0198454 -2.0249 0.162412 0.678281 0.0898353
1.50325 0.0198454 -2.0249 0.162412 0.678281 0.0898353
1.50325 0.0198454 -2.0249 0.162412 0.678281 0.0898353
1.51353 0.0134162 -2.02763 0.162412 0.678281 0.0898353
1.51353 0.0134162 -2.02763 0.162412 0.678281 0.0898353
1.51353 0.0134162 -2.02763 0.162412 0.678281 0.0898353
1.51353 0.0134162 -2.02763 0.162412 0.678281 0.0898353
1.51353 0.0134162 -2.02763 0.162412 0.678281 0.0898353
1.51353 0.0134162 -2.02763 0.162412 0.678281 0.0898353
1.57579 -0.0250535 -2.03843 0.162412 0.678281 0.0898353
1.58863 -0.0331913 -2.04083 0.162412 0.678281 0.0898353
1.5991 -0.0432287 -2.04114 0.162412 0.678281 0.0898353
1.5991 -0.0432287 -2.04114 0.162412 0.678281 0.0898353
1.61387 -0.0493195 -2.04552 0.162412 0.678281 0.0898353
1.61387 -0.0493195 -2.04552 0.162412 0.678281 0.0898353
1.61405 -0.0495136 -2.04551 0.162412 0.678281 0.0898353
1.61405 -0.0495136 -2.04551 0.162412 0.678281 0.0898353
1.61405 -0.0495136 -2.04551 0.162412 0.678281 0.0898353
1.61405 -0.0495136 -2.04551 0.162412 0.678281 0.0898353
1.61405 -0.0495136 -2.04551 0.162412 0.678281 0.0898353
1.61405 -0.0495136 -2.04551 0.162412 0.678281 0.0898353
1.61405 -0.0495136 -2.04551 0.162412 0.678281 0.0898353
1.64717 -0.0763505 -2.05653 0.162412 0.678281 0.0898353
1.64717 -0.0763505 -2.05653 0.162412 0.678281 0.0898353
1.64717 -0.0763505 -2.05653 0.162412 0.678281 0.0898353
1.64717 -0.0763505 -2.05653 0.162412 0.678281 0.0898353
1.67522 -0.101793 -2.06013 0.162412 0.678281 0.0898353
1.70319 -0.115204 -2.06635 0.162412 0.678281 0.0898353
1.70319 -0.115204 -2.06635 0.162412 0.678281 0.0898353
1.70319 -0.115204 -2.06635 0.162412 0.678281 0.0898353
1.70225 -0.121072 -2.06473 0.162412 0.678281 0.0898353
1.70225 -0.121072 -2.06473 0.162412 0.678281 0.0898353
1.72697 -0.131986 -2.07256 0.162412 0.678281 0.0898353
1.72697 -0.131986 -2.07256 0.162412 0.678281 0.0898353
1.72702 -0.132052 -2.07257 0.162412 0.678281 0.0898353
1.73765 -0.138612 -2.07348 0.162412 0.678281 0.0898353
1.73765 -0.138612 -2.07348 0.162412 0.678281 0.0898353
1.73765 -0.138612 -2.07348 0.162412 0.678281 0.0898353
1.74769 -0.147379 -2.07408 0.162412 0.678281 0.0898353
1.76255 -0.159498 -2.0746 0.162412 0.678281 0.0898353
1.77736 -0.169157 -2.0741 0.162412 0.678281 0.0898353
1.77736 -0.169157 -2.0741 0.162412 0.678281 0.0898353
1.77736 -0.169157 -2.0741 0.162412 0.678281 0.0898353
1.78603 -0.177005 -2.07655 0.162412 0.678281 0.0898353
1.79662 -0.185142 -2.07552 0.162412 0.678281 0.0898353
1.80781 -0.192525 -2.07545 0.162412 0.678281 0.0898353
1.80781 -0.192525 -2.07545 0.162412 0.678281 0.0898353
1.80781 -0.192525 -2.07545 0.162412 0.678281 0.0898353
1.82089 -0.202248 -2.07741 0.162412 0.678281 0.0898353
1.82832 -0.207949 -2.07899 0.162412 0.678281 0.0898353
1.82832 -0.207949 -2.07899 0.162412 0.678281 0.0898353
1.82832 -0.207949 -2.07899 0.162412 0.678281 0.0898353
1.82832 -0.207949 -2.07899 0.162412 0.678281 0.0898353
1.82832 -0.207949 -2.07899 0.162412 0.678281 0.0898353
1.84063 -0.217705 -2.07934 0.162412 0.678281 0.0898353
1.84063 -0.217705 -2.07934 0.162412 0.678281 0.0898353
1.84063 -0.217705 -2.07934 0.162412 0.678281 0.0898353
1.84063 -0.217705 -2.07934 0.162412 0.678281 0.0898353
1.84063 -0.217705 -2.07934 0.162412 0.678281 0.0898353
1.84063 -0.217705 -2.07934 0.162412 0.678281 0.0898353
1.84063 -0.217705 -2.07934 0.162412 0.678281 0.0898353
1.84063 -0.217705 -2.07934 0.162412 0.678281 0.0898353
1.84063 -0.217705 -2.07934 0.162412 0.678281 0.0898353
1.84063 -0.217705 -2.07934 0.162412 0.678281 0.0898353
1.84063 -0.217705 -2.07934 0.162412 0.678281 0.0898353
1.93318 0.1748 -1.95637 0.162412 0.678281 0.0898353
1.93318 0.1748 -1.95637 0.162412 0.678281 0.0898353
1.93318 0.1748 -1.95637 0.162412 0.678281 0.0898353
1.93318 0.1748 -1.95637 0.162412 0.678281 0.0898353
1.98906 0.143513 -1.96389 0.14439 0.714248 0.0880729
1.98906 0.143513 -1.96389 0.14439 0.714248 0.0880729
1.98906 0.143513 -1.96389 0.14439 0.714248 0.0880729
2.00031 0.135549 -1.96509 0.14439 0.714248 0.0880729
2.00634 0.132454 -1.9657 0.14439 0.714248 0.0880729
2.00634 0.132454 -1.9657 0.14439 0.714248 0.0880729
2.02352 0.123416 -1.96795 0.14439 0.714248 0.0880729
2.02993 0.121077 -1.96917 0.14439 0.714248 0.0880729
2.02993 0.121077 -1.96917 0.14439 0.714248 0.0880729
2.03397 0.118811 -1.97354 0.14439 0.714248 0.0880729
2.03397 0.118811 -1.97354 0.14439 0.714248 0.0880729
2.0436 0.113825 -1.97303 0.14439 0.714248 0.0880729
2.04985 0.11171 -1.9755 0.14439 0.714248 0.0880729
2.04985 0.11171 -1.9755 0.14439 0.714248 0.0880729
2.05668 0.107495 -1.97601 0.14439 0.714248 0.0880729
2.06545 0.104324 -1.97854 0.14439 0.714248 0.0880729
2.06545 0.104324 -1.97854 0.14439 0.714248 0.0880729
2.06545 0.104324 -1.97854 0.14439 0.714248 0.0880729
2.06545 0.104324 -1.97854 0.14439 0.714248 0.0880729
2.06792 0.100249 -1.97702 0.14439 0.714248 0.0880729
2.06792 0.100249 -1.97702 0.14439 0.714248 0.0880729
2.07902 0.0970953 -1.98134 0.14439 0.714248 0.0880729
2.07902 0.0970953 -1.98134 0.14439 0.714248 0.0880729
2.08505 0.0947459 -1.98129 0.14439 0.714248 0.0880729
2.08505 0.0947459 -1.98129 0.14439 0.714248 0.0880729
2.08505 0.0947459 -1.98129 0.14439 0.714248 0.0880729
2.09249 0.090968 -1.98298 0.14439 0.714248 0.0880729
2.09249 0.090968 -1.98298 0.14439 0.714248 0.0880729
2.10475 0.0827549 -1.98279 0.14439 0.714248 0.0880729
2.10923 0.0809724 -1.98512 0.14439 0.714248 0.0880729
2.10923 0.0809724 -1.98512 0.14439 0.714248 0.0880729
2.10923 0.0809724 -1.98512 0.14439 0.714248 0.0880729
2.11481 0.0786704 -1.98592 0.14439 0.714248 0.0880729
2.12243 0.0733383 -1.98478 0.14439 0.714248 0.0880729
2.12243 0.0733383 -1.98478 0.14439 0.714248 0.0880729
2.12243 0.0733383 -1.98478 0.14439 0.714248 0.0880729
2.12687 0.0716863 -1.98751 0.14439 0.714248 0.0880729
2.12687 0.0716863 -1.98751 0.14439 0.714248 0.0880729
2.1308 0.068814 -1.98671 0.14439 0.714248 0.0880729
2.13525 0.0670617 -1.98676 0.14439 0.714248 0.0880729
2.13525 0.0670617 -1.98676 0.14439 0.714248 0.0880729
2.13525 0.0670617 -1.98676 0.14439 0.714248 0.0880729
2.13525 0.0670617 -1.98676 0.14439 0.714248 0.0880729
2.13525 0.0670617 -1.98676 0.14439 0.714248 0.0880729
2.1404 0.0633084 -1.98803 0.14439 0.714248 0.0880729
2.14192 0.0628578 -1.98876 0.14439 0.714248 0.0880729
2.14192 0.0628578 -1.98876 0.14439 0.714248 0.0880729
2.14258 0.0627157 -1.98926 0.14439 0.714248 0.0880729
2.14333 0.0620466 -1.98839 0.14439 0.714248 0.0880729
2.14333 0.0620466 -1.98839 0.14439 0.714248 0.0880729
2.14366 0.0615099 -1.9883 0.14439 0.714248 0.0880729
2.14366 0.0615099 -1.9883 0.14439 0.714248 0.0880729
2.14674 0.0597723 -1.98745 0.14439 0.714248 0.0880729
2.14674 0.0597723 -1.98745 0.14439 0.714248 0.0880729
2.1514 0.0586795 -1.9895 0.14439 0.714248 0.0880729
2.1514 0.0586795 -1.9895 0.14439 0.714248 0.0880729
2.15682 0.0546294 -1.98877 0.14439 0.714248 0.0880729
2.15682 0.0546294 -1.98877 0.14439 0.714248 0.0880729
2.15682 0.0546294 -1.98877 0.14439 0.714248 0.0880729
2.15682 0.0546294 -1.98877 0.14439 0.714248 0.0880729
2.15682 0.0546294 -1.98877 0.14439 0.714248 0.0880729
2.15682 0.0546294 -1.98877 0.14439 0.714248 0.0880729
2.15682 0.0546294 -1.98877 0.14439 0.714248 0.0880729
2.15682 0.0546294 -1.98877 0.14439 0.714248 0.0880729
2.15682 0.0546294 -1.98877 0.14439 0.714248 0.0880729
2.15682 0.0546294 -1.98877 0.14439 0.714248 0.0880729
2.2054 0.0314141 -1.99717 0.14439 0.714248 0.0880729
2.2054 0.0314141 -1.99717 0.14439 0.714248 0.0880729
2.2054 0.0314141 -1.99717 0.14439 0.714248 0.0880729
2.2054 0.0314141 -1.99717 0.14439 0.714248 0.0880729
2.2054 0.0314141 -1.99717 0.14439 0.714248 0.0880729
2.2054 0.0314141 -1.99717 0.14439 0.714248 0.0880729
2.2141 0.0259403 -1.99698 0.14439 0.714248 0.0880729
2.2141 0.0259403 -1.99698 0.14439 0.714248 0.0880729
2.2141 0.0259403 -1.99698 0.14439 0.714248 0.0880729
2.2141 0.0259403 -1.99698 0.14439 0.714248 0.0880729
2.2141 0.0259403 -1.99698 0.14439 0.714248 0.0880729
2.2141 0.0259403 -1.99698 0.14439 0.714248 0.0880729
2.2328 0.0162847 -2.00064 0.14439 0.714248 0.0880729
2.2328 0.0162847 -2.00064 0.14439 0.714248 0.0880729
2.24031 0.00928192 -1.99944 0.14439 0.714248 0.0880729
2.2939 -0.0207369 -2.00098 0.14439 0.714248 0.0880729
2.30401 -0.0239461 -2.00277 0.14439 0.714248 0.0880729
2.30401 -0.0239461 -2.00277 0.14439 0.714248 0.0880729
2.31569 -0.0295319 -2.0023 0.14439 0.714248 0.0880729
2.31569 -0.0295319 -2.0023 0.14439 0.714248 0.0880729
2.31569 -0.0295319 -2.0023 0.14439 0.714248 0.0880729
2.32529 -0.0346366 -2.00149 0.14439 0.714248 0.0880729
2.33754 -0.0411849 -1.99975 0.14439 0.714248 0.0880729
2.33754 -0.0411849 -1.99975 0.14439 0.714248 0.0880729
2.33754 -0.0411849 -1.99975 0.14439 0.714248 0.0880729
2.36399 -0.0485401 -2.00065 0.14439 0.714248 0.0880729
2.37685 -0.0522204 -1.99969 0.14439 0.714248 0.0880729
2.37685 -0.0522204 -1.99969 0.14439 0.714248 0.0880729
2.37694 -0.052248 -1.99968 0.14439 0.714248 0.0880729
2.38484 -0.0580723 -1.99631 0.14439 0.714248 0.0880729
2.38484 -0.0580723 -1.99631 0.14439 0.714248 0.0880729
2.39563 -0.0642121 -1.993 0.14439 0.714248 0.0880729
2.39563 -0.0642121 -1.993 0.14439 0.714248 0.0880729
2.39563 -0.0642121 -1.993 0.14439 0.714248 0.0880729
2.39563 -0.0642121 -1.993 0.14439 0.714248 0.0880729
2.39563 -0.0642121 -1.993 0.14439 0.714248 0.0880729
2.39563 -0.0642121 -1.993 0.14439 0.714248 0.0880729
2.39563 -0.0642121 -1.993 0.14439 0.714248 0.0880729
2.39563 -0.0642121 -1.993 0.14439 0.714248 0.0880729
2.39563 -0.0642121 -1.993 0.14439 0.714248 0.0880729
2.39563 -0.0642121 -1.993 0.14439 0.714248 0.0880729
2.39563 -0.0642121 -1.993 0.14439 0.714248 0.0880729
2.39563 -0.0642121 -1.993 0.14439 0.714248 0.0880729
2.39563 -0.0642121 -1.993 0.14439 0.714248 0.0880729
2.39563 -0.0642121 -1.993 0.14439 0.714248 0.0880729
2.39563 -0.0642121 -1.993 0.14439 0.714248 0.0880729
2.39563 -0.0642121 -1.993 0.14439 0.714248 0.0880729
2.39563 -0.0642121 -1.993 0.14439 0.714248 0.0880729
2.39563 -0.0642121 -1.993 0.14439 0.714248 0.0880729
2.39563 -0.0642121 -1.993 0.14439 0.714248 0.0880729
2.39563 -0.0642121 -1.993 0.14439 0.714248 0.0880729
2.63452 0.328335 -1.8443 0.111047 0.560105 0.0555569
2.63452 0.328335 -1.8443 0.111047 0.560105 0.0555569
2.63452 0.328335 -1.8443 0.111047 0.560105 0.0555569
2.63452 0.328335 -1.8443 0.111047 0.560105 0.0555569
2.63452 0.328335 -1.8443 0.111047 0.560105 0.0555569
2.63452 0.328335 -1.8443 0.111047 0.560105 0.0555569
2.63452 0.328335 -1.8443 0.111047 0.560105 0.0555569
2.63452 0.328335 -1.8443 0.111047 0.560105 0.0555569
2.63452 0.328335 -1.8443 0.111047 0.560105 0.0555569
2.65865 0.32484 -1.84234 0.111047 0.560105 0.0555569
2.67258 0.322157 -1.84282 0.111047 0.560105 0.0555569
2.67258 0.322157 -1.84282 0.111047 0.560105 0.0555569
2.67258 0.322157 -1.84282 0.111047 0.560105 0.0555569
2.67258 0.322157 -1.84282 0.111047 0.560105 0.0555569
2.69888 0.312439 -1.83707 0.111047 0.560105 0.0555569
2.74811 0.302019 -1.8333 0.111047 0.560105 0.0555569
2.75531 0.303248 -1.83608 0.111047 0.560105 0.0555569
2.76589 0.299265 -1.83402 0.111047 0.560105 0.0555569
2.76589 0.299265 -1.83402 0.111047 0.560105 0.0555569
2.76589 0.299265 -1.83402 0.111047 0.560105 0.0555569
2.77565 0.295562 -1.83179 0.111047 0.560105 0.0555569
2.78576 0.293824 -1.83415 0.111047 0.560105 0.0555569
2.78576 0.293824 -1.83415 0.111047 0.560105 0.0555569
2.78576 0.293824 -1.83415 0.111047 0.560105 0.0555569
2.78576 0.293824 -1.83415 0.111047 0.560105 0.0555569
2.78576 0.293824 -1.83415 0.111047 0.560105 0.0555569
2.78576 0.293824 -1.83415 0.111047 0.560105 0.0555569
2.78576 0.293824 -1.83415 0.111047 0.560105 0.0555569
2.78576 0.293824 -1.83415 0.111047 0.560105 0.0555569
2.78576 0.293824 -1.83415 0.111047 0.560105 0.0555569
2.78576 0.293824 -1.83415 0.111047 0.560105 0.0555569
2.78576 0.293824 -1.83415 0.111047 0.560105 0.0555569
2.78576 0.293824 -1.83415 0.111047 0.560105 0.0555569
2.84761 0.279398 -1.83356 0.111047 0.560105 0.0555569
2.84761 0.279398 -1.83356 0.111047 0.560105 0.0555569
2.84761 0.279398 -1.83356 0.111047 0.560105 0.0555569
2.84761 0.279398 -1.83356 0.111047 0.560105 0.0555569
2.84761 0.279398 -1.83356 0.111047 0.560105 0.0555569
2.84761 0.279398 -1.83356 0.111047 0.560105 0.0555569
2.84761 0.279398 -1.83356 0.111047 0.560105 0.0555569
2.89119 0.274679 -1.83873 0.111047 0.560105 0.0555569
2.90353 0.271204 -1.83806 0.111047 0.560105 0.0555569
2.90353 0.271204 -1.83806 0.111047 0.560105 0.0555569
2.91498 0.268278 -1.83679 0.111047 0.560105 0.0555569
2.91498 0.268278 -1.83679 0.111047 0.560105 0.0555569
2.92467 0.265242 -1.83678 0.111047 0.560105 0.0555569
2.9363 0.26351 -1.83826 0.111047 0.560105 0.0555569
2.9363 0.26351 -1.83826 0.111047 0.560105 0.0555569
2.9363 0.26351 -1.83826 0.111047 0.560105 0.0555569
2.94707 0.260413 -1.83746 0.111047 0.560105 0.0555569
2.95949 0.258349 -1.83789 0.111047 0.560105 0.0555569
2.97124 0.256625 -1.84059 0.111047 0.560105 0.0555569
2.97124 0.256625 -1.84059 0.111047 0.560105 0.0555569
2.97124 0.256625 -1.84059 0.111047 0.560105 0.0555569
2.98325 0.253473 -1.83873 0.111047 0.560105 0.0555569
2.98325 0.253473 -1.83873 0.111047 0.560105 0.0555569
2.99274 0.25104 -1.83981 0.111047 0.560105 0.0555569
2.99274 0.25104 -1.83981 0.111047 0.560105 0.0555569
3.00399 0.248728 -1.83902 0.111047 0.560105 0.0555569
3.01547 0.247679 -1.84151 0.111047 0.560105 0.0555569
3.01547 0.247679 -1.84151 0.111047 0.560105 0.0555569
3.02692 0.245952 -1.84364 0.111047 0.560105 0.0555569
3.02692 0.245952 -1.84364 0.111047 0.560105 0.0555569
3.02692 0.245952 -1.84364 0.111047 0.560105 0.0555569
3.02692 0.245952 -1.84364 0.111047 0.560105 0.0555569
3.02692 0.245952 -1.84364 0.111047 0.560105 0.0555569
3.02692 0.245952 -1.84364 0.111047 0.560105 0.0555569
3.02692 0.245952 -1.84364 0.111047 0.560105 0.0555569
3.02692 0.245952 -1.84364 0.111047 0.560105 0.0555569
3.02692 0.245952 -1.84364 0.111047 0.560105 0.0555569
3.02692 0.245952 -1.84364 0.111047 0.560105 0.0555569
3.02692 0.245952 -1.84364 0.111047 0.560105 0.0555569
3.02692 0.245952 -1.84364 0.111047 0.560105 0.0555569
3.02692 0.245952 -1.84364 0.111047 0.560105 0.0555569
3.02692 0.245952 -1.84364 0.111047 0.560105 0.0555569
3.02692 0.245952 -1.84364 0.111047 0.560105 0.0555569
3.02692 0.245952 -1.84364 0.111047 0.560105 0.0555569
3.02692 0.245952 -1.84364 0.111047 0.560105 0.0555569
3.02692 0.245952 -1.84364 0.111047 0.560105 0.0555569
3.02692 0.245952 -1.84364 0.111047 0.560105 0.0555569
3.02692 0.245952 -1.84364 0.111047 0.560105 0.0555569
3.19505 0.524375 -1.7747 0.065614 0.304658 0.0262843
3.19505 0.524375 -1.7747 0.065614 0.304658 0.0262843
3.21074 0.523552 -1.77644 0.065614 0.304658 0.0262843
3.21074 0.523552 -1.77644 0.065614 0.304658 0.0262843
3.22557 0.521 -1.7789 0.065614 0.304658 0.0262843
3.22557 0.521 -1.7789 0.065614 0.304658 0.0262843
3.23446 0.519205 -1.7773 0.065614 0.304658 0.0262843
3.23446 0.519205 -1.7773 0.065614 0.304658 0.0262843
3.24291 0.519402 -1.77904 0.065614 0.304658 0.0262843
3.24291 0.519402 -1.77904 0.065614 0.304658 0.0262843
3.24291 0.519402 -1.77904 0.065614 0.304658 0.0262843
3.25035 0.518862 -1.77945 0.065614 0.304658 0.0262843
3.25035 0.518862 -1.77945 0.065614 0.304658 0.0262843
3.26963 0.515594 -1.77701 0.065614 0.304658 0.0262843
3.26963 0.515594 -1.77701 0.065614 0.304658 0.0262843
3.27805 0.514693 -1.77753 0.065614 0.304658 0.0262843
3.27805 0.514693 -1.77753 0.065614 0.304658 0.0262843
3.28811 0.515152 -1.7784 0.065614 0.304658 0.0262843
3.28811 0.515152 -1.7784 0.065614 0.304658 0.0262843
3.29758 0.511994 -1.77656 0.065614 0.304658 0.0262843
3.30978 0.512593 -1.77961 0.065614 0.304658 0.0262843
3.30978 0.512593 -1.77961 0.065614 0.304658 0.0262843
3.31905 0.511279 -1.78062 0.065614 0.304658 0.0262843
3.31905 0.511279 -1.78062 0.065614 0.304658 0.0262843
3.32776 0.509894 -1.77832 0.065614 0.304658 0.0262843
3.32776 0.509894 -1.77832 0.065614 0.304658 0.0262843
3.33574 0.509752 -1.78198 0.065614 0.304658 0.0262843
3.34708 0.507262 -1.78 0.065614 0.304658 0.0262843
3.34708 0.507262 -1.78 0.065614 0.304658 0.0262843
3.35785 0.50525 -1.78171 0.065614 0.304658 0.0262843
3.35785 0.50525 -1.78171 0.065614 0.304658 0.0262843
3.35785 0.50525 -1.78171 0.065614 0.304658 0.0262843
3.3651 0.503681 -1.78176 0.065614 0.304658 0.0262843
3.3651 0.503681 -1.78176 0.065614 0.304658 0.0262843
3.3651 0.503681 -1.78176 0.065614 0.304658 0.0262843
3.3651 0.503681 -1.78176 0.065614 0.304658 0.0262843
3.3651 0.503681 -1.78176 0.065614 0.304658 0.0262843
3.3651 0.503681 -1.78176 0.065614 0.304658 0.0262843
3.3651 0.503681 -1.78176 0.065614 0.304658 0.0262843
3.3651 0.503681 -1.78176 0.065614 0.304658 0.0262843
3.3651 0.503681 -1.78176 0.065614 0.304658 0.0262843
3.42448 0.49966 -1.78579 0.065614 0.304658 0.0262843
3.42448 0.49966 -1.78579 0.065614 0.304658 0.0262843
3.42448 0.49966 -1.78579 0.065614 0.304658 0.0262843
3.42448 0.49966 -1.78579 0.065614 0.304658 0.0262843
3.42448 0.49966 -1.78579 0.065614 0.304658 0.0262843
3.42448 0.49966 -1.78579 0.065614 0.304658 0.0262843
3.44572 0.49682 -1.78916 0.065614 0.304658 0.0262843
3.44572 0.49682 -1.78916 0.065614 0.304658 0.0262843
3.44572 0.49682 -1.78916 0.065614 0.304658 0.0262843
3.44572 0.49682 -1.78916 0.065614 0.304658 0.0262843
3.44572 0.49682 -1.78916 0.065614 0.304658 0.0262843
3.4659 0.492756 -1.79232 0.065614 0.304658 0.0262843
3.4659 0.492756 -1.79232 0.065614 0.304658 0.0262843
3.4659 0.492756 -1.79232 0.065614 0.304658 0.0262843
3.4659 0.492756 -1.79232 0.065614 0.304658 0.0262843
3.4659 0.492756 -1.79232 0.065614 0.304658 0.0262843
3.48508 0.491991 -1.79468 0.065614 0.304658 0.0262843
3.50249 0.489737 -1.79357 0.065614 0.304658 0.0262843
3.50249 0.489737 -1.79357 0.065614 0.304658 0.0262843
3.50249 0.489737 -1.79357 0.065614 0.304658 0.0262843
3.51819 0.486715 -1.79573 0.065614 0.304658 0.0262843
3.51819 0.486715 -1.79573 0.065614 0.304658 0.0262843
3.51819 0.486715 -1.79573 0.065614 0.304658 0.0262843
3.51819 0.486715 -1.79573 0.065614 0.304658 0.0262843
3.51819 0.486715 -1.79573 0.065614 0.304658 0.0262843
3.51819 0.486715 -1.79573 0.065614 0.304658 0.0262843
3.51819 0.486715 -1.79573 0.065614 0.304658 0.0262843
3.51819 0.486715 -1.79573 0.065614 0.304658 0.0262843
3.51819 0.486715 -1.79573 0.065614 0.304658 0.0262843
3.52662 0.486759 -1.79771 0.065614 0.304658 0.0262843
3.54544 0.483298 -1.80025 0.065614 0.304658 0.0262843
3.57956 0.475877 -1.81254 0.065614 0.304658 0.0262843
3.58818 0.473271 -1.81538 0.065614 0.304658 0.0262843
3.58818 0.473271 -1.81538 0.065614 0.304658 0.0262843
3.59823 0.471418 -1.81786 0.065614 0.304658 0.0262843
3.60739 0.468419 -1.82268 0.065614 0.304658 0.0262843
3.60739 0.468419 -1.82268 0.065614 0.304658 0.0262843
3.60739 0.468419 -1.82268 0.065614 0.304658 0.0262843
3.60739 0.468419 -1.82268 0.065614 0.304658 0.0262843
3.60739 0.468419 -1.82268 0.065614 0.304658 0.0262843
3.60739 0.468419 -1.82268 0.065614 0.304658 0.0262843
3.60739 0.468419 -1.82268 0.065614 0.304658 0.0262843
3.60739 0.468419 -1.82268 0.065614 0.304658 0.0262843
3.60739 0.468419 -1.82268 0.065614 0.304658 0.0262843
3.60739 0.468419 -1.82268 0.065614 0.304658 0.0262843
3.60739 0.468419 -1.82268 0.065614 0.304658 0.0262843
3.60739 0.468419 -1.82268 0.065614 0.304658 0.0262843
3.60739 0.468419 -1.82268 0.065614 0.304658 0.0262843
3.60739 0.468419 -1.82268 0.065614 0.304658 0.0262843
3.60739 0.468419 -1.82268 0.065614 0.304658 0.0262843
3.60739 0.468419 -1.82268 0.065614 0.304658 0.0262843
3.60739 0.468419 -1.82268 0.065614 0.304658 0.0262843
3.60739 0.468419 -1.82268 0.065614 0.304658 0.0262843
3.60739 0.468419 -1.82268 0.065614 0.304658 0.0262843
3.60739 0.468419 -1.82268 0.065614 0.304658 0.0262843
3.60739 0.468419 -1.82268 0.065614 0.304658 0.0262843
3.60739 0.468419 -1.82268 0.065614 0.304658 0.0262843
3.60739 0.468419 -1.82268 0.065614 0.304658 0.0262843
3.60739 0.468419 -1.82268 0.065614 0.304658 0.0262843
3.60739 0.468419 -1.82268 0.065614 0.304658 0.0262843
3.60739 0.468419 -1.82268 0.065614 0.304658 0.0262843
3.60739 0.468419 -1.82268 0.065614 0.304658 0.0262843
3.60739 0.468419 -1.82268 0.065614 0.304658 0.0262843
3.74392 0.643166 -1.8168 0.035038 0.141723 0.0118604
3.76085 0.635876 -1.82585 0.035038 0.141723 0.0118604
3.79321 0.623296 -1.8403 0.035038 0.141723 0.0118604
3.80559 0.620973 -1.84426 0.035038 0.141723 0.0118604
3.81123 0.619926 -1.84638 0.035038 0.141723 0.0118604
3.81123 0.619926 -1.84638 0.035038 0.141723 0.0118604
3.81123 0.619926 -1.84638 0.035038 0.141723 0.0118604
3.81489 0.61967 -1.84903 0.035038 0.141723 0.0118604
3.82253 0.618162 -1.85243 0.035038 0.141723 0.0118604
3.8298 0.614649 -1.85545 0.035038 0.141723 0.0118604
3.83704 0.612958 -1.85751 0.035038 0.141723 0.0118604
3.83704 0.612958 -1.85751 0.035038 0.141723 0.0118604
3.84683 0.611136 -1.8618 0.035038 0.141723 0.0118604
3.84683 0.611136 -1.8618 0.035038 0.141723 0.0118604
3.84683 0.611136 -1.8618 0.035038 0.141723 0.0118604
3.84683 0.611136 -1.8618 0.035038 0.141723 0.0118604
3.86535 0.606439 -1.86722 0.035038 0.141723 0.0118604
3.86535 0.606439 -1.86722 0.035038 0.141723 0.0118604
3.86535 0.606439 -1.86722 0.035038 0.141723 0.0118604
3.87518 0.60429 -1.86863 0.035038 0.141723 0.0118604
3.88183 0.603841 -1.86945 0.035038 0.141723 0.0118604
3.88183 0.603841 -1.86945 0.035038 0.141723 0.0118604
3.88183 0.603841 -1.86945 0.035038 0.141723 0.0118604
3.88863 0.599246 -1.86904 0.035038 0.141723 0.0118604
3.89303 0.60096 -1.87382 0.035038 0.141723 0.0118604
3.89303 0.60096 -1.87382 0.035038 0.141723 0.0118604
3.89303 0.60096 -1.87382 0.035038 0.141723 0.0118604
3.89877 0.599547 -1.87397 0.035038 0.141723 0.0118604
3.90384 0.595695 -1.8751 0.035038 0.141723 0.0118604
3.90938 0.59537 -1.87576 0.035038 0.141723 0.0118604
3.90938 0.59537 -1.87576 0.035038 0.141723 0.0118604
3.91783 0.593456 -1.87627 0.035038 0.141723 0.0118604
3.92505 0.590729 -1.87685 0.035038 0.141723 0.0118604
3.92505 0.590729 -1.87685 0.035038 0.141723 0.0118604
3.92505 0.590729 -1.87685 0.035038 0.141723 0.0118604
3.93168 0.590162 -1.88081 0.035038 0.141723 0.0118604
3.9387 0.586912 -1.87918 0.035038 0.141723 0.0118604
3.9387 0.586912 -1.87918 0.035038 0.141723 0.0118604
3.9387 0.586912 -1.87918 0.035038 0.141723 0.0118604
3.94372 0.5863 -1.87965 0.035038 0.141723 0.0118604
3.95109 0.586028 -1.88328 0.035038 0.141723 0.0118604
3.95109 0.586028 -1.88328 0.035038 0.141723 0.0118604
3.95109 0.586028 -1.88328 0.035038 0.141723 0.0118604
3.95109 0.586028 -1.88328 0.035038 0.141723 0.0118604
3.95109 0.586028 -1.88328 0.035038 0.141723 0.0118604
3.95109 0.586028 -1.88328 0.035038 0.141723 0.0118604
3.95109 0.586028 -1.88328 0.035038 0.141723 0.0118604
3.95109 0.586028 -1.88328 0.035038 0.141723 0.0118604
3.95109 0.586028 -1.88328 0.035038 0.141723 0.0118604
3.95109 0.586028 -1.88328 0.035038 0.141723 0.0118604
3.95109 0.586028 -1.88328 0.035038 0.141723 0.0118604
3.95109 0.586028 -1.88328 0.035038 0.141723 0.0118604
3.95109 0.586028 -1.88328 0.035038 0.141723 0.0118604
3.95109 0.586028 -1.88328 0.035038 0.141723 0.0118604
3.95109 0.586028 -1.88328 0.035038 0.141723 0.0118604
3.95109 0.586028 -1.88328 0.035038 0.141723 0.0118604
3.95109 0.586028 -1.88328 0.035038 0.141723 0.0118604
3.95109 0.586028 -1.88328 0.035038 0.141723 0.0118604
3.95109 0.586028 -1.88328 0.035038 0.141723 0.0118604
3.97428 0.579243 -1.88317 0.035038 0.141723 0.0118604
4.02561 0.570523 -1.88769 0.035038 0.141723 0.0118604
4.04139 0.567471 -1.88664 0.035038 0.141723 0.0118604
4.04139 0.567471 -1.88664 0.035038 0.141723 0.0118604
4.04857 0.566672 -1.88631 0.035038 0.141723 0.0118604
4.04857 0.566672 -1.88631 0.035038 0.141723 0.0118604
4.05722 0.564286 -1.88674 0.035038 0.141723 0.0118604
4.06717 0.562274 -1.88692 0.035038 0.141723 0.0118604
4.06717 0.562274 -1.88692 0.035038 0.141723 0.0118604
4.06717 0.562274 -1.88692 0.035038 0.141723 0.0118604
4.07662 0.560373 -1.88728 0.035038 0.141723 0.0118604
4.08589 0.559636 -1.88754 0.035038 0.141723 0.0118604
4.08589 0.559636 -1.88754 0.035038 0.141723 0.0118604
4.08589 0.559636 -1.88754 0.035038 0.141723 0.0118604
4.09403 0.556168 -1.8867 0.035038 0.141723 0.0118604
4.09778 0.556038 -1.88711 0.035038 0.141723 0.0118604
4.10113 0.553736 -1.88448 0.035038 0.141723 0.0118604
4.10113 0.553736 -1.88448 0.035038 0.141723 0.0118604
4.10113 0.553736 -1.88448 0.035038 0.141723 0.0118604
4.10375 0.553411 -1.88519 0.035038 0.141723 0.0118604
4.10882 0.554007 -1.88636 0.035038 0.141723 0.0118604
4.10882 0.554007 -1.88636 0.035038 0.141723 0.0118604
4.10882 0.554007 -1.88636 0.035038 0.141723 0.0118604
4.11348 0.553053 -1.88669 0.035038 0.141723 0.0118604
4.10899 0.545667 -1.87714 0.035038 0.141723 0.0118604
4.12614 0.549688 -1.88697 0.035038 0.141723 0.0118604
4.12614 0.549688 -1.88697 0.035038 0.141723 0.0118604
4.13201 0.548954 -1.88769 0.035038 0.141723 0.0118604
4.13201 0.548954 -1.88769 0.035038 0.141723 0.0118604
4.13829 0.547865 -1.88736 0.035038 0.141723 0.0118604
4.14358 0.545125 -1.88685 0.035038 0.141723 0.0118604
4.14358 0.545125 -1.88685 0.035038 0.141723 0.0118604
4.14358 0.545125 -1.88685 0.035038 0.141723 0.0118604
4.15729 0.547619 -1.8933 0.035038 0.141723 0.0118604
4.16214 0.54214 -1.88785 0.035038 0.141723 0.0118604
4.16214 0.54214 -1.88785 0.035038 0.141723 0.0118604
4.17068 0.538815 -1.88782 0.035038 0.141723 0.0118604
4.17068 0.538815 -1.88782 0.035038 0.141723 0.0118604
4.18053 0.538187 -1.88954 0.035038 0.141723 0.0118604
4.19111 0.536927 -1.89151 0.035038 0.141723 0.0118604
4.19824 0.532753 -1.89102 0.035038 0.141723 0.0118604
4.19824 0.532753 -1.89102 0.035038 0.141723 0.0118604
4.20591 0.53047 -1.8944 0.035038 0.141723 0.0118604
4.20591 0.53047 -1.8944 0.035038 0.141723 0.0118604
4.21656 0.529096 -1.89829 0.035038 0.141723 0.0118604
4.21656 0.529096 -1.89829 0.035038 0.141723 0.0118604
4.21656 0.529096 -1.89829 0.035038 0.141723 0.0118604
4.21656 0.529096 -1.89829 0.035038 0.141723 0.0118604
4.21656 0.529096 -1.89829 0.035038 0.141723 0.0118604
4.21656 0.529096 -1.89829 0.035038 0.141723 0.0118604
4.21656 0.529096 -1.89829 0.035038 0.141723 0.0118604
4.21656 0.529096 -1.89829 0.035038 0.141723 0.0118604
4.21656 0.529096 -1.89829 0.035038 0.141723 0.0118604
4.21656 0.529096 -1.89829 0.035038 0.141723 0.0118604
4.26155 0.516876 -1.89584 0.035038 0.141723 0.0118604
4.26155 0.516876 -1.89584 0.035038 0.141723 0.0118604
4.26155 0.516876 -1.89584 0.035038 0.141723 0.0118604
4.26155 0.516876 -1.89584 0.035038 0.141723 0.0118604
4.26155 0.516876 -1.89584 0.035038 0.141723 0.0118604
4.26155 0.516876 -1.89584 0.035038 0.141723 0.0118604
4.26155 0.516876 -1.89584 0.035038 0.141723 0.0118604
4.26155 0.516876 -1.89584 0.035038 0.141723 0.0118604
4.26155 0.516876 -1.89584 0.035038 0.141723 0.0118604
4.26155 0.516876 -1.89584 0.035038 0.141723 0.0118604
4.26155 0.516876 -1.89584 0.035038 0.141723 0.0118604
4.31654 0.508137 -1.90459 0.0182456 0.0597684 0.0066311
4.32923 0.501352 -1.90486 0.0182456 0.0597684 0.0066311
4.33352 0.502822 -1.90667 0.0182456 0.0597684 0.0066311
4.33355 0.502832 -1.90668 0.0182456 0.0597684 0.0066311
4.33826 0.498169 -1.90703 0.0182456 0.0597684 0.0066311
4.33826 0.498169 -1.90703 0.0182456 0.0597684 0.0066311
4.33826 0.498169 -1.90703 0.0182456 0.0597684 0.0066311
4.34643 0.498993 -1.91141 0.0182456 0.0597684 0.0066311
4.35378 0.497605 -1.91173 0.0182456 0.0597684 0.0066311
4.35903 0.497042 -1.91208 0.0182456 0.0597684 0.0066311
4.35903 0.497042 -1.91208 0.0182456 0.0597684 0.0066311
4.35903 0.497042 -1.91208 0.0182456 0.0597684 0.0066311
4.36804 0.493942 -1.91297 0.0182456 0.0597684 0.0066311
4.37756 0.492362 -1.91746 0.0182456 0.0597684 0.0066311
4.37756 0.492362 -1.91746 0.0182456 0.0597684 0.0066311
4.38564 0.491336 -1.91991 0.0182456 0.0597684 0.0066311
4.38564 0.491336 -1.91991 0.0182456 0.0597684 0.0066311
4.38564 0.491336 -1.91991 0.0182456 0.0597684 0.0066311
4.38564 0.491336 -1.91991 0.0182456 0.0597684 0.0066311
4.40364 0.485778 -1.92532 0.0182456 0.0597684 0.0066311
4.40364 0.485778 -1.92532 0.0182456 0.0597684 0.0066311
4.4152 0.482632 -1.92746 0.0182456 0.0597684 0.0066311
4.42588 0.478067 -1.93009 0.0182456 0.0597684 0.0066311
4.43291 0.473251 -1.9306 0.0182456 0.0597684 0.0066311
4.43291 0.473251 -1.9306 0.0182456 0.0597684 0.0066311
4.44173 0.468159 -1.93318 0.0182456 0.0597684 0.0066311
4.45192 0.468893 -1.93563 0.0182456 0.0597684 0.0066311
4.45192 0.468893 -1.93563 0.0182456 0.0597684 0.0066311
4.45192 0.468893 -1.93563 0.0182456 0.0597684 0.0066311
4.46117 0.467145 -1.94039 0.0182456 0.0597684 0.0066311
4.468 0.462467 -1.94094 0.0182456 0.0597684 0.0066311
4.468 0.462467 -1.94094 0.0182456 0.0597684 0.0066311
4.47712 0.459266 -1.94522 0.0182456 0.0597684 0.0066311
4.47712 0.459266 -1.94522 0.0182456 0.0597684 0.0066311
4.48881 0.4588 -1.95068 0.0182456 0.0597684 0.0066311
4.4954 0.455176 -1.95299 0.0182456 0.0597684 0.0066311
4.4954 0.455176 -1.95299 0.0182456 0.0597684 0.0066311
4.4954 0.455176 -1.95299 0.0182456 0.0597684 0.0066311
4.4954 0.455176 -1.95299 0.0182456 0.0597684 0.0066311
4.50245 0.451834 -1.95706 0.0182456 0.0597684 0.0066311
4.50245 0.451834 -1.95706 0.0182456 0.0597684 0.0066311
4.50245 0.451834 -1.95706 0.0182456 0.0597684 0.0066311
4.51766 0.448588 -1.96767 0.0182456 0.0597684 0.0066311
4.54315 0.444921 -1.97928 0.0182456 0.0597684 0.0066311
4.55422 0.442883 -1.9851 0.0182456 0.0597684 0.0066311
4.55422 0.442883 -1.9851 0.0182456 0.0597684 0.0066311
4.56415 0.438291 -1.98955 0.0182456 0.0597684 0.0066311
4.56415 0.438291 -1.98955 0.0182456 0.0597684 0.0066311
4.57454 0.438775 -1.99742 0.0182456 0.0597684 0.0066311
4.57454 0.438775 -1.99742 0.0182456 0.0597684 0.0066311
4.58349 0.435426 -2.00311 0.0182456 0.0597684 0.0066311
4.59286 0.434587 -2.00888 0.0182456 0.0597684 0.0066311
4.59286 0.434587 -2.00888 0.0182456 0.0597684 0.0066311
4.59286 0.434587 -2.00888 0.0182456 0.0597684 0.0066311
4.60381 0.429092 -2.01686 0.0182456 0.0597684 0.0066311
4.61449 0.425605 -2.02351 0.0182456 0.0597684 0.0066311
4.62318 0.424437 -2.02822 0.0182456 0.0597684 0.0066311
4.6317 0.417848 -2.03407 0.0182456 0.0597684 0.0066311
4.6317 0.417848 -2.03407 0.0182456 0.0597684 0.0066311
4.6317 0.417848 -2.03407 0.0182456 0.0597684 0.0066311
4.63931 0.417247 -2.04 0.0182456 0.0597684 0.0066311
4.63931 0.417247 -2.04 0.0182456 0.0597684 0.0066311
4.64802 0.414776 -2.04544 0.0182456 0.0597684 0.0066311
4.65487 0.413924 -2.0523 0.0182456 0.0597684 0.0066311
4.6585 0.410071 -2.05546 0.0182456 0.0597684 0.0066311
4.66379 0.409442 -2.05945 0.0182456 0.0597684 0.0066311
4.66379 0.409442 -2.05945 0.0182456 0.0597684 0.0066311
4.66647 0.410896 -2.06168 0.0182456 0.0597684 0.0066311
4.66987 0.408099 -2.06426 0.0182456 0.0597684 0.0066311
4.66987 0.408099 -2.06426 0.0182456 0.0597684 0.0066311
4.67279 0.403743 -2.06642 0.0182456 0.0597684 0.0066311
4.67691 0.401143 -2.06969 0.0182456 0.0597684 0.0066311
4.67691 0.401143 -2.06969 0.0182456 0.0597684 0.0066311
4.67691 0.401143 -2.06969 0.0182456 0.0597684 0.0066311
4.68593 0.399088 -2.07947 0.0182456 0.0597684 0.0066311
4.68593 0.399088 -2.07947 0.0182456 0.0597684 0.0066311
4.68768 0.39513 -2.08115 0.0182456 0.0597684 0.0066311
4.69309 0.394224 -2.08606 0.0182456 0.0597684 0.0066311
4.69309 0.394224 -2.08606 0.0182456 0.0597684 0.0066311
4.69309 0.394224 -2.08606 0.0182456 0.0597684 0.0066311
4.69984 0.389939 -2.09162 0.0182456 0.0597684 0.0066311
4.70372 0.385387 -2.09379 0.0182456 0.0597684 0.0066311
4.70807 0.385159 -2.09716 0.0182456 0.0597684 0.0066311
4.7139 0.383995 -2.10128 0.0182456 0.0597684 0.0066311
4.7139 0.383995 -2.10128 0.0182456 0.0597684 0.0066311
4.72434 0.382692 -2.10877 0.0182456 0.0597684 0.0066311
4.72839 0.380771 -2.11327 0.0182456 0.0597684 0.0066311
4.73296 0.376263 -2.11768 0.0182456 0.0597684 0.0066311
4.73296 0.376263 -2.11768 0.0182456 0.0597684 0.0066311
4.73933 0.373581 -2.12531 0.0182456 0.0597684 0.0066311
4.74854 0.368741 -2.13475 0.0182456 0.0597684 0.0066311
4.74854 0.368741 -2.13475 0.0182456 0.0597684 0.0066311
4.74854 0.368741 -2.13475 0.0182456 0.0597684 0.0066311
4.75708 0.366867 -2.14823 0.0182456 0.0597684 0.0066311
4.75708 0.366867 -2.14823 0.0182456 0.0597684 0.0066311
4.75708 0.366867 -2.14823 0.0182456 0.0597684 0.0066311
4.77243 0.353741 -2.16208 0.0111044 0.0411366 0.005188
4.79023 0.344828 -2.17895 0.0111044 0.0411366 0.005188
4.79644 0.341407 -2.18594 0.0111044 0.0411366 0.005188
4.79644 0.341407 -2.18594 0.0111044 0.0411366 0.005188
4.8036 0.347598 -2.18969 0.0111044 0.0411366 0.005188
4.81684 0.33275 -2.20314 0.0111044 0.0411366 0.005188
4.81684 0.33275 -2.20314 0.0111044 0.0411366 0.005188
4.8261 0.340135 -2.20655 0.0111044 0.0411366 0.005188
4.8261 0.340135 -2.20655 0.0111044 0.0411366 0.005188
4.83301 0.334045 -2.21105 0.0111044 0.0411366 0.005188
4.84461 0.329748 -2.22439 0.0111044 0.0411366 0.005188
4.85127 0.321299 -2.22613 0.0111044 0.0411366 0.005188
4.85127 0.321299 -2.22613 0.0111044 0.0411366 0.005188
4.85985 0.320942 -2.23459 0.0111044 0.0411366 0.005188
4.86777 0.31503 -2.24006 0.0111044 0.0411366 0.005188
4.87546 0.314599 -2.24645 0.0111044 0.0411366 0.005188
4.87546 0.314599 -2.24645 0.0111044 0.0411366 0.005188
4.88421 0.304775 -2.25181 0.0111044 0.0411366 0.005188
4.88427 0.304704 -2.25185 0.0111044 0.0411366 0.005188
4.89402 0.300824 -2.2589 0.0111044 0.0411366 0.005188
4.90599 0.294412 -2.26883 0.0111044 0.0411366 0.005188
4.90609 0.294361 -2.26891 0.0111044 0.0411366 0.005188
4.91554 0.280751 -2.27716 0.0111044 0.0411366 0.005188
4.9248 0.276438 -2.28473 0.0111044 0.0411366 0.005188
4.9248 0.276438 -2.28473 0.0111044 0.0411366 0.005188
4.93367 0.267028 -2.29102 0.0111044 0.0411366 0.005188
4.94209 0.257926 -2.29862 0.0111044 0.0411366 0.005188
4.94209 0.257926 -2.29862 0.0111044 0.0411366 0.005188
4.94209 0.257926 -2.29862 0.0111044 0.0411366 0.005188
4.94838 0.252392 -2.30295 0.0111044 0.0411366 0.005188
4.95843 0.245379 -2.31631 0.0111044 0.0411366 0.005188
4.96569 0.238007 -2.32345 0.0111044 0.0411366 0.005188
4.96569 0.238007 -2.32345 0.0111044 0.0411366 0.005188
4.96569 0.238007 -2.32345 0.0111044 0.0411366 0.005188
4.9829 0.225465 -2.34233 0.0111044 0.0411366 0.005188
4.9931 0.217233 -2.35485 0.0111044 0.0411366 0.005188
4.9931 0.217233 -2.35485 0.0111044 0.0411366 0.005188
5.00127 0.211003 -2.36148 0.0111044 0.0411366 0.005188
5.00133 0.210956 -2.36153 0.0111044 0.0411366 0.005188
5.01077 0.200157 -2.37284 0.0111044 0.0411366 0.005188
5.01077 0.200157 -2.37284 0.0111044 0.0411366 0.005188
5.02136 0.195067 -2.38663 0.0111044 0.0411366 0.005188
5.02136 0.195067 -2.38663 0.0111044 0.0411366 0.005188
5.03047 0.181656 -2.40545 0.0111044 0.0411366 0.005188
5.03047 0.181656 -2.40545 0.0111044 0.0411366 0.005188
5.0434 0.165436 -2.42531 0.0111044 0.0411366 0.005188
5.05357 0.157176 -2.44115 0.0111044 0.0411366 0.005188
5.05357 0.157176 -2.44115 0.0111044 0.0411366 0.005188
5.05357 0.157176 -2.44115 0.0111044 0.0411366 0.005188
5.0591 0.152685 -2.45243 0.0111044 0.0411366 0.005188
5.06746 0.146322 -2.46532 0.0111044 0.0411366 0.005188
5.07472 0.135437 -2.47903 0.0111044 0.0411366 0.005188
5.07472 0.135437 -2.47903 0.0111044 0.0411366 0.005188
5.07995 0.129144 -2.48962 0.0111044 0.0411366 0.005188
5.08924 0.122863 -2.50574 0.0111044 0.0411366 0.005188
5.08924 0.122863 -2.50574 0.0111044 0.0411366 0.005188
5.09786 0.114302 -2.52387 0.0111044 0.0411366 0.005188
5.09786 0.114302 -2.52387 0.0111044 0.0411366 0.005188
5.09786 0.114302 -2.52387 0.0111044 0.0411366 0.005188
5.10684 0.10035 -2.53846 0.0111044 0.0411366 0.005188
5.10684 0.10035 -2.53846 0.0111044 0.0411366 0.005188
5.12096 0.0821613 -2.56525 0.0111044 0.0411366 0.005188
5.13824 0.0604856 -2.57605 0.0111044 0.0411366 0.005188
5.13824 0.0604856 -2.57605 0.0111044 0.0411366 0.005188
5.13824 0.0604856 -2.57605 0.0111044 0.0411366 0.005188
5.141 0.0578276 -2.58323 0.00570436 0.00941053 0.00408867
5.14747 0.050171 -2.59741 0.00570436 0.00941053 0.00408867
5.15107 0.0460457 -2.60425 0.00570436 0.00941053 0.00408867
5.15316 0.0402012 -2.61096 0.00570436 0.00941053 0.00408867
5.15316 0.0402012 -2.61096 0.00570436 0.00941053 0.00408867
5.15316 0.0402012 -2.61096 0.00570436 0.00941053 0.00408867
5.15193 0.0421593 -2.61051 0.00570436 0.00941053 0.00408867
5.15193 0.0421593 -2.61051 0.00570436 0.00941053 0.00408867
5.15311 0.0422788 -2.61113 0.00570436 0.00941053 0.00408867
5.15311 0.0422788 -2.61113 0.00570436 0.00941053 0.00408867
5.15311 0.0422788 -2.61113 0.00570436 0.00941053 0.00408867
5.15294 0.0429951 -2.61168 0.00570436 0.00941053 0.00408867
5.15272 0.0405722 -2.61206 0.00570436 0.00941053 0.00408867
5.15272 0.0405722 -2.61206 0.00570436 0.00941053 0.00408867
5.15272 0.0405722 -2.61206 0.00570436 0.00941053 0.00408867
5.15253 0.041977 -2.61192 0.00570436 0.00941053 0.00408867
5.15223 0.0412711 -2.61129 0.00570436 0.00941053 0.00408867
5.15223 0.0412711 -2.61129 0.00570436 0.00941053 0.00408867
5.15224 0.0442498 -2.61109 0.00570436 0.00941053 0.00408867
5.15186 0.0426357 -2.61124 0.00570436 0.00941053 0.00408867
5.15186 0.0426357 -2.61124 0.00570436 0.00941053 0.00408867
5.15186 0.0426357 -2.61124 0.00570436 0.00941053 0.00408867
5.15182 0.0447097 -2.61075 0.00570436 0.00941053 0.00408867
5.15173 0.0457577 -2.61092 0.00570436 0.00941053 0.00408867
5.15173 0.0457577 -2.61092 0.00570436 0.00941053 0.00408867
5.15075 0.0468978 -2.60962 0.00570436 0.00941053 0.00408867
5.15075 0.0468978 -2.60962 0.00570436 0.00941053 0.00408867
5.14992 0.0461201 -2.60896 0.00570436 0.00941053 0.00408867
5.14992 0.0461201 -2.60896 0.00570436 0.00941053 0.00408867
5.15112 0.0449597 -2.61081 0.00570436 0.00941053 0.00408867
5.15112 0.0449597 -2.61081 0.00570436 0.00941053 0.00408867
5.15105 0.0453235 -2.6101 0.00570436 0.00941053 0.00408867
5.14968 0.0448268 -2.6095 0.00570436 0.00941053 0.00408867
5.15056 0.0465751 -2.60885 0.00570436 0.00941053 0.00408867
5.15109 0.0477588 -2.61022 0.00570436 0.00941053 0.00408867
5.15109 0.0477588 -2.61022 0.00570436 0.00941053 0.00408867
5.15109 0.0477588 -2.61022 0.00570436 0.00941053 0.00408867
5.15095 0.0426457 -2.61017 0.00570436 0.00941053 0.00408867
5.15104 0.0459404 -2.61007 0.00570436 0.00941053 0.00408867
5.15149 0.0448597 -2.61149 0.00570436 0.00941053 0.00408867
5.15149 0.0448597 -2.61149 0.00570436 0.00941053 0.00408867
5.14998 0.046476 -2.61029 0.00570436 0.00941053 0.00408867
5.14998 0.046476 -2.61029 0.00570436 0.00941053 0.00408867
5.15032 0.0447254 -2.61014 0.00570436 0.00941053 0.00408867
5.15072 0.0467768 -2.61022 0.00570436 0.00941053 0.00408867
5.15072 0.0467768 -2.61022 0.00570436 0.00941053 0.00408867
5.15072 0.0467768 -2.61022 0.00570436 0.00941053 0.00408867
5.15043 0.0471197 -2.61008 0.00570436 0.00941053 0.00408867
5.15113 0.0466863 -2.60997 0.00570436 0.00941053 0.00408867
5.1499 0.0445991 -2.60935 0.00570436 0.00941053 0.00408867
5.1499 0.0445991 -2.60935 0.00570436 0.00941053 0.00408867
5.15032 0.0453914 -2.60987 0.00570436 0.00941053 0.00408867
5.14918 0.0491042 -2.60767 0.00570436 0.00941053 0.00408867
5.14927 0.0463476 -2.60899 0.00570436 0.00941053 0.00408867
5.14927 0.0463476 -2.60899 0.00570436 0.00941053 0.00408867
5.14927 0.0463476 -2.60899 0.00570436 0.00941053 0.00408867
5.15072 0.0448191 -2.61007 0.00570436 0.00941053 0.00408867
5.14964 0.0450324 -2.60938 0.00570436 0.00941053 0.00408867
5.14993 0.0480738 -2.60942 0.00570436 0.00941053 0.00408867
5.14993 0.0480738 -2.60942 0.00570436 0.00941053 0.00408867
5.15004 0.0480641 -2.60937 0.00570436 0.00941053 0.00408867
5.15004 0.0480641 -2.60937 0.00570436 0.00941053 0.00408867
5.15004 0.0480641 -2.60937 0.00570436 0.00941053 0.00408867
5.15004 0.0480641 -2.60937 0.00570436 0.00941053 0.00408867
5.15119 0.0461562 -2.61037 0.00570436 0.00941053 0.00408867
5.15119 0.0461562 -2.61037 0.00570436 0.00941053 0.00408867
5.15067 0.0407395 -2.61211 0.00570436 0.00941053 0.00408867
5.15083 0.0472525 -2.60915 0.00570436 0.00941053 0.00408867
5.14985 0.045616 -2.60983 0.00570436 0.00941053 0.00408867
5.14985 0.045616 -2.60983 0.00570436 0.00941053 0.00408867
5.14985 0.045616 -2.60983 0.00570436 0.00941053 0.00408867
5.15019 0.0460424 -2.60974 0.00570436 0.00941053 0.00408867
5.15019 0.0460424 -2.60974 0.00570436 0.00941053 0.00408867
5.15126 0.0443879 -2.60997 0.00570436 0.00941053 0.00408867
5.15126 0.0443879 -2.60997 0.00570436 0.00941053 0.00408867
5.15076 0.0441161 -2.61023 0.00570436 0.00941053 0.00408867
5.15217 0.0426161 -2.61211 0.00570436 0.00941053 0.00408867
5.15064 0.0460894 -2.60967 0.00570436 0.00941053 0.00408867
5.15086 0.0424169 -2.61061 0.00570436 0.00941053 0.00408867
5.15086 0.0423889 -2.61062 0.00570436 0.00941053 0.00408867
5.15073 0.0434135 -2.61059 0.00570436 0.00941053 0.00408867
5.15119 0.0458717 -2.60966 0.00570436 0.00941053 0.00408867
5.15087 0.0445164 -2.60976 0.00570436 0.00941053 0.00408867
5.15088 0.0417433 -2.61091 0.00570436 0.00941053 0.00408867
5.15088 0.0417433 -2.61091 0.00570436 0.00941053 0.00408867
5.15153 0.0435585 -2.60993 0.00570436 0.00941053 0.00408867
5.15099 0.0437203 -2.61048 0.00570436 0.00941053 0.00408867
5.15111 0.0434118 -2.61023 0.00570436 0.00941053 0.00408867
5.15111 0.0434118 -2.61023 0.00570436 0.00941053 0.00408867
5.15111 0.0434118 -2.61023 0.00570436 0.00941053 0.00408867
5.15215 0.0421345 -2.61203 0.00570436 0.00941053 0.00408867
5.15148 0.0384641 -2.61177 0.00570436 0.00941053 0.00408867
5.15148 0.0384641 -2.61177 0.00570436 0.00941053 0.00408867
5.15147 0.0384274 -2.61177 0.00570436 0.00941053 0.00408867
5.15147 0.0384274 -2.61177 0.00570436 0.00941053 0.00408867
5.15266 0.0411521 -2.61215 0.00570436 0.00941053 0.00408867
5.15214 0.0443833 -2.6098 0.00570436 0.00941053 0.00408867
5.15214 0.0443833 -2.6098 0.00570436 0.00941053 0.00408867
5.15214 0.0443833 -2.6098 0.00570436 0.00941053 0.00408867
5.15289 0.0426 -2.61302 0.00570436 0.00941053 0.00408867
5.1529 0.042595 -2.61304 0.00570436 0.00941053 0.00408867
5.1529 0.042595 -2.61304 0.00570436 0.00941053 0.00408867
5.15168 0.0406716 -2.61116 0.00570436 0.00941053 0.00408867
5.15291 0.0395544 -2.61199 0.00570436 0.00941053 0.00408867
5.15291 0.0395544 -2.61199 0.00570436 0.00941053 0.00408867
5.15289 0.040827 -2.61179 0.00570436 0.00941053 0.00408867
5.15434 0.0415624 -2.61288 0.00570436 0.00941053 0.00408867
5.15434 0.0415624 -2.61288 0.00570436 0.00941053 0.00408867
5.1523 0.0380848 -2.61212 0.00570436 0.00941053 0.00408867
5.1523 0.0380848 -2.61212 0.00570436 0.00941053 0.00408867
5.15276 0.0425597 -2.61212 0.00570436 0.00941053 0.00408867
5.15298 0.0428268 -2.61276 0.00570436 0.00941053 0.00408867
5.15298 0.0428268 -2.61276 0.00570436 0.00941053 0.00408867
5.15281 0.0412766 -2.61136 0.00570436 0.00941053 0.00408867
5.15281 0.0412766 -2.61136 0.00570436 0.00941053 0.00408867
5.15263 0.0391724 -2.61163 0.00570436 0.00941053 0.00408867
