0.0057433 -0.0065354 0.00208222 0.247065 0.246003 0.0684891
0.0057433 -0.0065354 0.00208222 0.247065 0.246003 0.0684891
0.00486553 -0.00696726 0.00224519 0.247065 0.246003 0.0684891
0.00486553 -0.00696726 0.00224519 0.247065 0.246003 0.0684891
0.00486553 -0.00696726 0.00224519 0.247065 0.246003 0.0684891
0.00629451 -0.00707762 0.00328464 0.247065 0.246003 0.0684891
0.00490571 -0.00710638 0.00240776 0.247065 0.246003 0.0684891
0.00598292 -0.00688924 0.00247645 0.247065 0.246003 0.0684891
0.00577749 -0.00649647 0.00267395 0.247065 0.246003 0.0684891
0.00505003 -0.00569715 0.00161047 0.247065 0.246003 0.0684891
0.00505003 -0.00569715 0.00161047 0.247065 0.246003 0.0684891
0.00505003 -0.00569715 0.00161047 0.247065 0.246003 0.0684891
0.00536721 -0.00846639 0.00303054 0.247065 0.246003 0.0684891
0.00536721 -0.00846639 0.00303054 0.247065 0.246003 0.0684891
0.00536721 -0.00846639 0.00303054 0.247065 0.246003 0.0684891
0.00420026 -0.00561961 0.0019277 0.247065 0.246003 0.0684891
0.00420026 -0.00561961 0.0019277 0.247065 0.246003 0.0684891
0.00685728 -0.00659132 0.00123578 0.247065 0.246003 0.0684891
0.00687173 -0.00676869 0.0021944 0.247065 0.246003 0.0684891
0.00687173 -0.00676869 0.0021944 0.247065 0.246003 0.0684891
0.00687173 -0.00676869 0.0021944 0.247065 0.246003 0.0684891
0.00585059 -0.00579837 0.00163195 0.247065 0.246003 0.0684891
0.0057269 -0.00723325 0.00205722 0.247065 0.246003 0.0684891
0.0057269 -0.00723325 0.00205722 0.247065 0.246003 0.0684891
0.0057269 -0.00723325 0.00205722 0.247065 0.246003 0.0684891
0.00664318 -0.00703056 0.00186721 0.247065 0.246003 0.0684891
0.00507174 -0.00835199 0.00337482 0.247065 0.246003 0.0684891
0.00507174 -0.00835199 0.00337482 0.247065 0.246003 0.0684891
0.00507174 -0.00835199 0.00337482 0.247065 0.246003 0.0684891
0.00513665 -0.00600749 0.00252277 0.247065 0.246003 0.0684891
0.00513665 -0.00600749 0.00252277 0.247065 0.246003 0.0684891
0.00492711 -0.00689969 0.00276819 0.247065 0.246003 0.0684891
0.00492711 -0.00689969 0.00276819 0.247065 0.246003 0.0684891
0.00492711 -0.00689969 0.00276819 0.247065 0.246003 0.0684891
0.00492711 -0.00689969 0.00276819 0.247065 0.246003 0.0684891
0.00635512 -0.00498664 0.00182795 0.247065 0.246003 0.0684891
0.00635512 -0.00498664 0.00182795 0.247065 0.246003 0.0684891
0.00580635 -0.00630405 0.00104338 0.247065 0.246003 0.0684891
0.00580635 -0.00630405 0.00104338 0.247065 0.246003 0.0684891
0.00539635 -0.00515989 0.00127712 0.247065 0.246003 0.0684891
0.00539635 -0.00515989 0.00127712 0.247065 0.246003 0.0684891
0.00539635 -0.00515989 0.00127712 0.247065 0.246003 0.0684891
0.00539635 -0.00515989 0.00127712 0.247065 0.246003 0.0684891
0.0077504 -0.00471769 -0.0011152 0.247065 0.246003 0.0684891
0.00518817 8.20058e-05 -0.00389056 0.247065 0.246003 0.0684891
0.00518817 8.20058e-05 -0.00389056 0.247065 0.246003 0.0684891
0.00506924 0.00375037 -0.00212875 0.247065 0.246003 0.0684891
0.00506924 0.00375037 -0.00212875 0.247065 0.246003 0.0684891
0.00584914 0.006178 -0.00135456 0.247065 0.246003 0.0684891
0.0051054 0.0143313 -0.00389239 0.247065 0.246003 0.0684891
0.0051054 0.0143313 -0.00389239 0.247065 0.246003 0.0684891
0.00397806 0.0175111 -0.00029293 0.247065 0.246003 0.0684891
0.00397806 0.0175111 -0.00029293 0.247065 0.246003 0.0684891
0.00744622 0.0249127 0.00160899 0.247065 0.246003 0.0684891
0.00744622 0.0249127 0.00160899 0.247065 0.246003 0.0684891
0.00544458 0.0317464 0.000975454 0.247065 0.246003 0.0684891
0.00406356 0.0351953 -0.00122821 0.247065 0.246003 0.0684891
0.00406356 0.0351953 -0.00122821 0.247065 0.246003 0.0684891
0.00543688 0.0451803 -0.00870601 0.247065 0.246003 0.0684891
0.00543688 0.0451803 -0.00870601 0.247065 0.246003 0.0684891
0.00542341 0.0452274 -0.00871734 0.247065 0.246003 0.0684891
0.00397555 0.0514924 0.000397314 0.247065 0.246003 0.0684891
0.00540353 0.0598266 0.00818815 0.247065 0.246003 0.0684891
0.00540353 0.0598266 0.00818815 0.247065 0.246003 0.0684891
0.00950658 0.0657037 0.0112319 0.247065 0.246003 0.0684891
0.00877339 0.0732041 0.0111061 0.247065 0.246003 0.0684891
0.00877339 0.0732041 0.0111061 0.247065 0.246003 0.0684891
0.00552394 0.0812748 0.0151374 0.247065 0.246003 0.0684891
0.00739873 0.0919813 0.0167004 0.247065 0.246003 0.0684891
0.00739873 0.0919813 0.0167004 0.247065 0.246003 0.0684891
0.00897817 0.106422 0.019872 0.247065 0.246003 0.0684891
0.00897817 0.106422 0.019872 0.247065 0.246003 0.0684891
0.00897817 0.106422 0.019872 0.247065 0.246003 0.0684891
0.00897817 0.106422 0.019872 0.247065 0.246003 0.0684891
0.00897817 0.106422 0.019872 0.247065 0.246003 0.0684891
0.00897817 0.106422 0.019872 0.247065 0.246003 0.0684891
0.00897817 0.106422 0.019872 0.247065 0.246003 0.0684891
0.00897817 0.106422 0.019872 0.247065 0.246003 0.0684891
0.00897817 0.106422 0.019872 0.247065 0.246003 0.0684891
0.00897817 0.106422 0.019872 0.247065 0.246003 0.0684891
0.00897817 0.106422 0.019872 0.247065 0.246003 0.0684891
0.00897817 0.106422 0.019872 0.247065 0.246003 0.0684891
0.00897817 0.106422 0.019872 0.247065 0.246003 0.0684891
0.00897817 0.106422 0.019872 0.247065 0.246003 0.0684891
0.00897817 0.106422 0.019872 0.247065 0.246003 0.0684891
0.00897817 0.106422 0.019872 0.247065 0.246003 0.0684891
0.00423842 0.181736 0.025966 0.247065 0.246003 0.0684891
0.00423842 0.181736 0.025966 0.247065 0.246003 0.0684891
0.00423842 0.181736 0.025966 0.247065 0.246003 0.0684891
0.00589555 0.197381 0.0244252 0.247065 0.246003 0.0684891
0.00589555 0.197381 0.0244252 0.247065 0.246003 0.0684891
0.00589555 0.197381 0.0244252 0.247065 0.246003 0.0684891
0.00525414 0.204507 0.0232716 0.247065 0.246003 0.0684891
0.00525414 0.204507 0.0232716 0.247065 0.246003 0.0684891
0.00525414 0.204507 0.0232716 0.247065 0.246003 0.0684891
0.00525414 0.204507 0.0232716 0.247065 0.246003 0.0684891
0.00525414 0.204507 0.0232716 0.247065 0.246003 0.0684891
0.00525414 0.204507 0.0232716 0.247065 0.246003 0.0684891
0.00525414 0.204507 0.0232716 0.247065 0.246003 0.0684891
0.00525414 0.204507 0.0232716 0.247065 0.246003 0.0684891
0.00525414 0.204507 0.0232716 0.247065 0.246003 0.0684891
0.00525414 0.204507 0.0232716 0.247065 0.246003 0.0684891
0.00525414 0.204507 0.0232716 0.247065 0.246003 0.0684891
0.00525414 0.204507 0.0232716 0.247065 0.246003 0.0684891
0.00525414 0.204507 0.0232716 0.247065 0.246003 0.0684891
0.00525414 0.204507 0.0232716 0.247065 0.246003 0.0684891
0.124174 0.334912 0.0449477 0.526937 1.00295 0.528883
0.124174 0.334912 0.0449477 0.526937 1.00295 0.528883
0.124174 0.334912 0.0449477 0.526937 1.00295 0.528883
0.124174 0.334912 0.0449477 0.526937 1.00295 0.528883
0.127206 0.347559 0.0480454 0.526937 1.00295 0.528883
0.127206 0.347559 0.0480454 0.526937 1.00295 0.528883
0.127206 0.347559 0.0480454 0.526937 1.00295 0.528883
0.127206 0.347559 0.0480454 0.526937 1.00295 0.528883
0.127206 0.347559 0.0480454 0.526937 1.00295 0.528883
0.126299 0.356323 0.0527438 0.526937 1.00295 0.528883
0.126299 0.356323 0.0527438 0.526937 1.00295 0.528883
0.126299 0.356323 0.0527438 0.526937 1.00295 0.528883
0.126299 0.356323 0.0527438 0.526937 1.00295 0.528883
0.126299 0.356323 0.0527438 0.526937 1.00295 0.528883
0.126299 0.356323 0.0527438 0.526937 1.00295 0.528883
0.126299 0.356323 0.0527438 0.526937 1.00295 0.528883
0.12654 0.391839 0.0548716 0.526937 1.00295 0.528883
0.12654 0.391839 0.0548716 0.526937 1.00295 0.528883
0.12654 0.391839 0.0548716 0.526937 1.00295 0.528883
0.12654 0.391839 0.0548716 0.526937 1.00295 0.528883
0.12654 0.391839 0.0548716 0.526937 1.00295 0.528883
0.12654 0.391839 0.0548716 0.526937 1.00295 0.528883
0.12654 0.391839 0.0548716 0.526937 1.00295 0.528883
0.12654 0.391839 0.0548716 0.526937 1.00295 0.528883
0.12654 0.391839 0.0548716 0.526937 1.00295 0.528883
0.125337 0.421582 0.0533636 0.526937 1.00295 0.528883
0.127028 0.45056 0.050624 0.526937 1.00295 0.528883
0.127028 0.45056 0.050624 0.526937 1.00295 0.528883
0.127028 0.45056 0.050624 0.526937 1.00295 0.528883
0.127575 0.458743 0.0483044 0.526937 1.00295 0.528883
0.126751 0.467233 0.0471952 0.526937 1.00295 0.528883
0.126751 0.467233 0.0471952 0.526937 1.00295 0.528883
0.126751 0.467233 0.0471952 0.526937 1.00295 0.528883
0.127739 0.47937 0.0460165 0.526937 1.00295 0.528883
0.127739 0.47937 0.0460165 0.526937 1.00295 0.528883
0.127739 0.47937 0.0460165 0.526937 1.00295 0.528883
0.127739 0.47937 0.0460165 0.526937 1.00295 0.528883
0.127739 0.47937 0.0460165 0.526937 1.00295 0.528883
0.127739 0.47937 0.0460165 0.526937 1.00295 0.528883
0.127739 0.47937 0.0460165 0.526937 1.00295 0.528883
0.127739 0.47937 0.0460165 0.526937 1.00295 0.528883
0.127739 0.47937 0.0460165 0.526937 1.00295 0.528883
0.127739 0.47937 0.0460165 0.526937 1.00295 0.528883
0.127739 0.47937 0.0460165 0.526937 1.00295 0.528883
0.127739 0.47937 0.0460165 0.526937 1.00295 0.528883
0.127739 0.47937 0.0460165 0.526937 1.00295 0.528883
0.127739 0.47937 0.0460165 0.526937 1.00295 0.528883
0.127739 0.47937 0.0460165 0.526937 1.00295 0.528883
0.127739 0.47937 0.0460165 0.526937 1.00295 0.528883
0.127739 0.47937 0.0460165 0.526937 1.00295 0.528883
0.127739 0.47937 0.0460165 0.526937 1.00295 0.528883
0.127739 0.47937 0.0460165 0.526937 1.00295 0.528883
0.132428 0.561897 0.0324117 0.526937 1.00295 0.528883
0.132428 0.561897 0.0324117 0.526937 1.00295 0.528883
0.132428 0.561897 0.0324117 0.526937 1.00295 0.528883
0.132428 0.561897 0.0324117 0.526937 1.00295 0.528883
0.134833 0.59789 0.0306105 0.526937 1.00295 0.528883
0.134833 0.59789 0.0306105 0.526937 1.00295 0.528883
0.135938 0.615143 0.0295352 0.526937 1.00295 0.528883
0.135938 0.615143 0.0295352 0.526937 1.00295 0.528883
0.135938 0.615143 0.0295352 0.526937 1.00295 0.528883
0.135938 0.615143 0.0295352 0.526937 1.00295 0.528883
0.135938 0.615143 0.0295352 0.526937 1.00295 0.528883
0.137695 0.643907 0.0282947 0.526937 1.00295 0.528883
0.137028 0.664976 0.029895 0.526937 1.00295 0.528883
0.137028 0.664976 0.029895 0.526937 1.00295 0.528883
0.137256 0.674232 0.027936 0.526937 1.00295 0.528883
0.137256 0.674232 0.027936 0.526937 1.00295 0.528883
0.137256 0.674232 0.027936 0.526937 1.00295 0.528883
0.137256 0.674232 0.027936 0.526937 1.00295 0.528883
0.137256 0.674232 0.027936 0.526937 1.00295 0.528883
0.141325 0.682841 0.0259835 0.526937 1.00295 0.528883
0.141325 0.682841 0.0259835 0.526937 1.00295 0.528883
0.141325 0.682841 0.0259835 0.526937 1.00295 0.528883
0.141325 0.682841 0.0259835 0.526937 1.00295 0.528883
0.141325 0.682841 0.0259835 0.526937 1.00295 0.528883
0.141325 0.682841 0.0259835 0.526937 1.00295 0.528883
0.141325 0.682841 0.0259835 0.526937 1.00295 0.528883
0.141325 0.682841 0.0259835 0.526937 1.00295 0.528883
0.141325 0.682841 0.0259835 0.526937 1.00295 0.528883
0.141325 0.682841 0.0259835 0.526937 1.00295 0.528883
0.141325 0.682841 0.0259835 0.526937 1.00295 0.528883
0.141325 0.682841 0.0259835 0.526937 1.00295 0.528883
0.141325 0.682841 0.0259835 0.526937 1.00295 0.528883
0.141325 0.682841 0.0259835 0.526937 1.00295 0.528883
0.141325 0.682841 0.0259835 0.526937 1.00295 0.528883
0.141325 0.682841 0.0259835 0.526937 1.00295 0.528883
0.141325 0.682841 0.0259835 0.526937 1.00295 0.528883
0.141325 0.682841 0.0259835 0.526937 1.00295 0.528883
0.141325 0.682841 0.0259835 0.526937 1.00295 0.528883
0.141325 0.682841 0.0259835 0.526937 1.00295 0.528883
0.36804 0.552429 -0.0224195 0.526937 1.00295 0.528883
0.36804 0.552429 -0.0224195 0.526937 1.00295 0.528883
0.36804 0.552429 -0.0224195 0.526937 1.00295 0.528883
0.36804 0.552429 -0.0224195 0.526937 1.00295 0.528883
0.36804 0.552429 -0.0224195 0.526937 1.00295 0.528883
0.36804 0.552429 -0.0224195 0.526937 1.00295 0.528883
0.36804 0.552429 -0.0224195 0.526937 1.00295 0.528883
0.36804 0.552429 -0.0224195 0.526937 1.00295 0.528883
0.36804 0.552429 -0.0224195 0.526937 1.00295 0.528883
0.36804 0.552429 -0.0224195 0.526937 1.00295 0.528883
0.36804 0.552429 -0.0224195 0.526937 1.00295 0.528883
0.367934 0.564861 -0.0258388 1.15748 1.58533 1.17301
0.367934 0.564861 -0.0258388 1.15748 1.58533 1.17301
0.367934 0.564861 -0.0258388 1.15748 1.58533 1.17301
0.365497 0.574252 -0.0276763 1.15748 1.58533 1.17301
0.365498 0.57427 -0.0276933 1.15748 1.58533 1.17301
0.367608 0.584643 -0.0243913 1.15748 1.58533 1.17301
0.367608 0.584643 -0.0243913 1.15748 1.58533 1.17301
0.367608 0.584643 -0.0243913 1.15748 1.58533 1.17301
0.367608 0.584643 -0.0243913 1.15748 1.58533 1.17301
0.367608 0.584643 -0.0243913 1.15748 1.58533 1.17301
0.367608 0.584643 -0.0243913 1.15748 1.58533 1.17301
0.367608 0.584643 -0.0243913 1.15748 1.58533 1.17301
0.367608 0.584643 -0.0243913 1.15748 1.58533 1.17301
0.367608 0.584643 -0.0243913 1.15748 1.58533 1.17301
0.367608 0.584643 -0.0243913 1.15748 1.58533 1.17301
0.366118 0.586219 -0.0204026 1.15748 1.58533 1.17301
0.366118 0.586219 -0.0204026 1.15748 1.58533 1.17301
0.366118 0.586219 -0.0204026 1.15748 1.58533 1.17301
0.361966 0.589059 -0.0438714 1.15748 1.58533 1.17301
0.361966 0.589059 -0.0438714 1.15748 1.58533 1.17301
0.362723 0.591814 -0.0420224 1.15748 1.58533 1.17301
0.362723 0.591814 -0.0420224 1.15748 1.58533 1.17301
0.362723 0.591814 -0.0420224 1.15748 1.58533 1.17301
0.362723 0.591814 -0.0420224 1.15748 1.58533 1.17301
0.364152 0.59592 -0.0339293 1.15748 1.58533 1.17301
0.364152 0.59592 -0.0339293 1.15748 1.58533 1.17301
0.363464 0.602466 -0.0293678 1.15748 1.58533 1.17301
0.363464 0.602466 -0.0293678 1.15748 1.58533 1.17301
0.364475 0.610479 -0.0334235 1.15748 1.58533 1.17301
0.364475 0.610479 -0.0334235 1.15748 1.58533 1.17301
0.364475 0.610479 -0.0334235 1.15748 1.58533 1.17301
0.359664 0.614025 -0.0331896 1.15748 1.58533 1.17301
0.359664 0.614025 -0.0331896 1.15748 1.58533 1.17301
0.361282 0.611595 -0.0311353 1.15748 1.58533 1.17301
0.361282 0.611595 -0.0311353 1.15748 1.58533 1.17301
0.361282 0.611595 -0.0311353 1.15748 1.58533 1.17301
0.361282 0.611595 -0.0311353 1.15748 1.58533 1.17301
0.361282 0.611595 -0.0311353 1.15748 1.58533 1.17301
0.361282 0.611595 -0.0311353 1.15748 1.58533 1.17301
0.361282 0.611595 -0.0311353 1.15748 1.58533 1.17301
0.36212 0.612567 -0.0337501 1.15748 1.58533 1.17301
0.36212 0.612567 -0.0337501 1.15748 1.58533 1.17301
0.361822 0.612019 -0.0329749 1.15748 1.58533 1.17301
0.361822 0.612019 -0.0329749 1.15748 1.58533 1.17301
0.361822 0.612019 -0.0329749 1.15748 1.58533 1.17301
0.361822 0.612019 -0.0329749 1.15748 1.58533 1.17301
0.361061 0.611337 -0.0314637 1.15748 1.58533 1.17301
0.361061 0.611337 -0.0314637 1.15748 1.58533 1.17301
0.36144 0.61128 -0.0319509 1.15748 1.58533 1.17301
0.363537 0.611485 -0.0319297 1.15748 1.58533 1.17301
0.363537 0.611485 -0.0319297 1.15748 1.58533 1.17301
0.363537 0.611485 -0.0319297 1.15748 1.58533 1.17301
0.363537 0.611485 -0.0319297 1.15748 1.58533 1.17301
0.362716 0.60952 -0.0303202 1.15748 1.58533 1.17301
0.367303 0.612483 -0.0314943 1.15748 1.58533 1.17301
0.367303 0.612483 -0.0314943 1.15748 1.58533 1.17301
0.370739 0.610021 -0.0257541 1.15748 1.58533 1.17301
0.370739 0.610021 -0.0257541 1.15748 1.58533 1.17301
0.370739 0.610021 -0.0257541 1.15748 1.58533 1.17301
0.370739 0.610021 -0.0257541 1.15748 1.58533 1.17301
0.370739 0.610021 -0.0257541 1.15748 1.58533 1.17301
0.370739 0.610021 -0.0257541 1.15748 1.58533 1.17301
0.382096 0.614112 -0.0235998 1.15748 1.58533 1.17301
0.382096 0.614112 -0.0235998 1.15748 1.58533 1.17301
0.382096 0.614112 -0.0235998 1.15748 1.58533 1.17301
0.406223 0.627731 -0.00897787 1.15748 1.58533 1.17301
0.406223 0.627731 -0.00897787 1.15748 1.58533 1.17301
0.406223 0.627731 -0.00897787 1.15748 1.58533 1.17301
0.417607 0.633073 -0.00191637 1.15748 1.58533 1.17301
0.417607 0.633073 -0.00191637 1.15748 1.58533 1.17301
0.428712 0.634375 -0.00574082 1.15748 1.58533 1.17301
0.442203 0.633602 -0.0168028 1.15748 1.58533 1.17301
0.442203 0.633602 -0.0168028 1.15748 1.58533 1.17301
0.442203 0.633602 -0.0168028 1.15748 1.58533 1.17301
0.442203 0.633602 -0.0168028 1.15748 1.58533 1.17301
0.442203 0.633602 -0.0168028 1.15748 1.58533 1.17301
0.464698 0.627137 -0.0238831 1.15748 1.58533 1.17301
0.464698 0.627137 -0.0238831 1.15748 1.58533 1.17301
0.474143 0.628518 -0.0255074 1.15748 1.58533 1.17301
0.474143 0.628518 -0.0255074 1.15748 1.58533 1.17301
0.474143 0.628518 -0.0255074 1.15748 1.58533 1.17301
0.483373 0.627143 -0.0258362 1.15748 1.58533 1.17301
0.483373 0.627143 -0.0258362 1.15748 1.58533 1.17301
0.496795 0.625074 -0.0260757 1.15748 1.58533 1.17301
0.496795 0.625074 -0.0260757 1.15748 1.58533 1.17301
0.496795 0.625074 -0.0260757 1.15748 1.58533 1.17301
0.496795 0.625074 -0.0260757 1.15748 1.58533 1.17301
0.507124 0.624016 -0.0256586 1.15748 1.58533 1.17301
0.515343 0.624932 -0.0263963 1.15748 1.58533 1.17301
0.525752 0.625491 -0.0281193 1.15748 1.58533 1.17301
0.525752 0.625491 -0.0281193 1.15748 1.58533 1.17301
0.525752 0.625491 -0.0281193 1.15748 1.58533 1.17301
0.530505 0.626275 -0.0261379 1.15748 1.58533 1.17301
0.530505 0.626275 -0.0261379 1.15748 1.58533 1.17301
0.530505 0.626275 -0.0261379 1.15748 1.58533 1.17301
0.538729 0.625566 -0.0280164 1.15748 1.58533 1.17301
0.538729 0.625566 -0.0280164 1.15748 1.58533 1.17301
0.543641 0.625228 -0.0260536 1.15748 1.58533 1.17301
0.543641 0.625228 -0.0260536 1.15748 1.58533 1.17301
0.553542 0.62601 -0.0262528 1.15748 1.58533 1.17301
0.568043 0.627059 -0.0285199 1.15748 1.58533 1.17301
0.568043 0.627059 -0.0285199 1.15748 1.58533 1.17301
0.568043 0.627059 -0.0285199 1.15748 1.58533 1.17301
0.568043 0.627059 -0.0285199 1.15748 1.58533 1.17301
0.568043 0.627059 -0.0285199 1.15748 1.58533 1.17301
0.568043 0.627059 -0.0285199 1.15748 1.58533 1.17301
0.568043 0.627059 -0.0285199 1.15748 1.58533 1.17301
0.568043 0.627059 -0.0285199 1.15748 1.58533 1.17301
0.568043 0.627059 -0.0285199 1.15748 1.58533 1.17301
0.568043 0.627059 -0.0285199 1.15748 1.58533 1.17301
0.568043 0.627059 -0.0285199 1.15748 1.58533 1.17301
0.568043 0.627059 -0.0285199 1.15748 1.58533 1.17301
0.568043 0.627059 -0.0285199 1.15748 1.58533 1.17301
0.568043 0.627059 -0.0285199 1.15748 1.58533 1.17301
0.568043 0.627059 -0.0285199 1.15748 1.58533 1.17301
0.568043 0.627059 -0.0285199 1.15748 1.58533 1.17301
0.568043 0.627059 -0.0285199 1.15748 1.58533 1.17301
0.568043 0.627059 -0.0285199 1.15748 1.58533 1.17301
0.568043 0.627059 -0.0285199 1.15748 1.58533 1.17301
0.633561 0.628837 -0.031605 1.15748 1.58533 1.17301
0.633561 0.628837 -0.031605 1.15748 1.58533 1.17301
0.650866 0.62804 -0.0272437 1.15748 1.58533 1.17301
0.660867 0.627486 -0.0219236 1.15748 1.58533 1.17301
0.660867 0.627486 -0.0219236 1.15748 1.58533 1.17301
0.660867 0.627486 -0.0219236 1.15748 1.58533 1.17301
0.660867 0.627486 -0.0219236 1.15748 1.58533 1.17301
0.660867 0.627486 -0.0219236 1.15748 1.58533 1.17301
0.660867 0.627486 -0.0219236 1.15748 1.58533 1.17301
0.660867 0.627486 -0.0219236 1.15748 1.58533 1.17301
0.660867 0.627486 -0.0219236 1.15748 1.58533 1.17301
0.660867 0.627486 -0.0219236 1.15748 1.58533 1.17301
0.673791 0.63127 -0.0199548 1.15748 1.58533 1.17301
0.673791 0.63127 -0.0199548 1.15748 1.58533 1.17301
0.673791 0.63127 -0.0199548 1.15748 1.58533 1.17301
0.696439 0.63186 -0.0151809 1.15748 1.58533 1.17301
0.696439 0.63186 -0.0151809 1.15748 1.58533 1.17301
0.696439 0.63186 -0.0151809 1.15748 1.58533 1.17301
0.696439 0.63186 -0.0151809 1.15748 1.58533 1.17301
0.696439 0.63186 -0.0151809 1.15748 1.58533 1.17301
0.696439 0.63186 -0.0151809 1.15748 1.58533 1.17301
0.732588 0.638695 -0.0123874 1.15748 1.58533 1.17301
0.772452 0.640093 -0.00364713 1.15748 1.58533 1.17301
0.772452 0.640093 -0.00364713 1.15748 1.58533 1.17301
0.772452 0.640093 -0.00364713 1.15748 1.58533 1.17301
0.772452 0.640093 -0.00364713 1.15748 1.58533 1.17301
0.772452 0.640093 -0.00364713 1.15748 1.58533 1.17301
0.772452 0.640093 -0.00364713 1.15748 1.58533 1.17301
0.772452 0.640093 -0.00364713 1.15748 1.58533 1.17301
0.772452 0.640093 -0.00364713 1.15748 1.58533 1.17301
0.772452 0.640093 -0.00364713 1.15748 1.58533 1.17301
0.772452 0.640093 -0.00364713 1.15748 1.58533 1.17301
0.772452 0.640093 -0.00364713 1.15748 1.58533 1.17301
0.772452 0.640093 -0.00364713 1.15748 1.58533 1.17301
0.772452 0.640093 -0.00364713 1.15748 1.58533 1.17301
0.772452 0.640093 -0.00364713 1.15748 1.58533 1.17301
0.772452 0.640093 -0.00364713 1.15748 1.58533 1.17301
0.772452 0.640093 -0.00364713 1.15748 1.58533 1.17301
0.772452 0.640093 -0.00364713 1.15748 1.58533 1.17301
0.772452 0.640093 -0.00364713 1.15748 1.58533 1.17301
0.772452 0.640093 -0.00364713 1.15748 1.58533 1.17301
0.772452 0.640093 -0.00364713 1.15748 1.58533 1.17301
0.772452 0.640093 -0.00364713 1.15748 1.58533 1.17301
0.772452 0.640093 -0.00364713 1.15748 1.58533 1.17301
0.772452 0.640093 -0.00364713 1.15748 1.58533 1.17301
0.772452 0.640093 -0.00364713 1.15748 1.58533 1.17301
0.772452 0.640093 -0.00364713 1.15748 1.58533 1.17301
0.772452 0.640093 -0.00364713 1.15748 1.58533 1.17301
0.772452 0.640093 -0.00364713 1.15748 1.58533 1.17301
0.772452 0.640093 -0.00364713 1.15748 1.58533 1.17301
0.772452 0.640093 -0.00364713 1.15748 1.58533 1.17301
0.83814 0.697871 0.0620237 1.21661 1.44103 0.97819
0.83814 0.697871 0.0620237 1.21661 1.44103 0.97819
0.83814 0.697871 0.0620237 1.21661 1.44103 0.97819
0.83814 0.697871 0.0620237 1.21661 1.44103 0.97819
0.83814 0.697871 0.0620237 1.21661 1.44103 0.97819
0.83814 0.697871 0.0620237 1.21661 1.44103 0.97819
0.83814 0.697871 0.0620237 1.21661 1.44103 0.97819
0.857755 0.700984 0.0570249 1.21661 1.44103 0.97819
0.857755 0.700984 0.0570249 1.21661 1.44103 0.97819
0.857755 0.700984 0.0570249 1.21661 1.44103 0.97819
0.857755 0.700984 0.0570249 1.21661 1.44103 0.97819
0.857755 0.700984 0.0570249 1.21661 1.44103 0.97819
0.854341 0.700853 0.058423 1.21661 1.44103 0.97819
0.85856 0.701253 0.056 1.21661 1.44103 0.97819
0.854615 0.699441 0.0574369 1.21661 1.44103 0.97819
0.854615 0.699441 0.0574369 1.21661 1.44103 0.97819
0.854615 0.699441 0.0574369 1.21661 1.44103 0.97819
0.85507 0.701179 0.0579153 1.21661 1.44103 0.97819
0.85507 0.701179 0.0579153 1.21661 1.44103 0.97819
0.855873 0.699237 0.0560628 1.21661 1.44103 0.97819
0.855873 0.699237 0.0560628 1.21661 1.44103 0.97819
0.855873 0.699237 0.0560628 1.21661 1.44103 0.97819
0.855032 0.699014 0.0572165 1.21661 1.44103 0.97819
0.855032 0.699014 0.0572165 1.21661 1.44103 0.97819
0.855032 0.699014 0.0572165 1.21661 1.44103 0.97819
0.855591 0.695221 0.0599851 1.21661 1.44103 0.97819
0.855591 0.695221 0.0599851 1.21661 1.44103 0.97819
0.855591 0.695221 0.0599851 1.21661 1.44103 0.97819
0.855591 0.695221 0.0599851 1.21661 1.44103 0.97819
0.855591 0.695221 0.0599851 1.21661 1.44103 0.97819
0.855591 0.695221 0.0599851 1.21661 1.44103 0.97819
0.853055 0.687882 0.0713488 1.21661 1.44103 0.97819
0.853055 0.687882 0.0713488 1.21661 1.44103 0.97819
0.852737 0.683181 0.0804575 1.21661 1.44103 0.97819
0.852737 0.683181 0.0804575 1.21661 1.44103 0.97819
0.856584 0.674223 0.083767 1.21661 1.44103 0.97819
0.856584 0.674223 0.083767 1.21661 1.44103 0.97819
0.861342 0.665141 0.0769841 1.21661 1.44103 0.97819
0.861342 0.665141 0.0769841 1.21661 1.44103 0.97819
0.861353 0.656447 0.068483 1.21661 1.44103 0.97819
0.861353 0.656447 0.068483 1.21661 1.44103 0.97819
0.861318 0.646644 0.0616346 1.21661 1.44103 0.97819
0.861318 0.646644 0.0616346 1.21661 1.44103 0.97819
0.861515 0.635861 0.0600866 1.21661 1.44103 0.97819
0.861515 0.635861 0.0600866 1.21661 1.44103 0.97819
0.861515 0.635861 0.0600866 1.21661 1.44103 0.97819
0.86116 0.62472 0.0584327 1.21661 1.44103 0.97819
0.86116 0.62472 0.0584327 1.21661 1.44103 0.97819
0.858728 0.615528 0.057578 1.21661 1.44103 0.97819
0.860699 0.606321 0.0586972 1.21661 1.44103 0.97819
0.860699 0.606321 0.0586972 1.21661 1.44103 0.97819
0.860699 0.606321 0.0586972 1.21661 1.44103 0.97819
0.860737 0.599718 0.0619179 1.21661 1.44103 0.97819
0.860737 0.599718 0.0619179 1.21661 1.44103 0.97819
0.859943 0.59199 0.0674818 1.21661 1.44103 0.97819
0.859943 0.59199 0.0674818 1.21661 1.44103 0.97819
0.859943 0.59199 0.0674818 1.21661 1.44103 0.97819
0.859943 0.59199 0.0674818 1.21661 1.44103 0.97819
0.859943 0.59199 0.0674818 1.21661 1.44103 0.97819
0.859979 0.576988 0.068779 1.21661 1.44103 0.97819
0.859979 0.576988 0.068779 1.21661 1.44103 0.97819
0.859979 0.576988 0.068779 1.21661 1.44103 0.97819
0.860884 0.561216 0.0657058 1.21661 1.44103 0.97819
0.860884 0.561216 0.0657058 1.21661 1.44103 0.97819
0.860884 0.561216 0.0657058 1.21661 1.44103 0.97819
0.859882 0.552656 0.0662935 1.21661 1.44103 0.97819
0.859882 0.552656 0.0662935 1.21661 1.44103 0.97819
0.862629 0.54318 0.0621751 1.21661 1.44103 0.97819
0.862629 0.54318 0.0621751 1.21661 1.44103 0.97819
0.865851 0.536964 0.0610575 1.21661 1.44103 0.97819
0.865851 0.536964 0.0610575 1.21661 1.44103 0.97819
0.861594 0.528703 0.0621525 1.21661 1.44103 0.97819
0.861594 0.528703 0.0621525 1.21661 1.44103 0.97819
0.861594 0.528703 0.0621525 1.21661 1.44103 0.97819
0.861862 0.523191 0.0599959 1.21661 1.44103 0.97819
0.861862 0.523191 0.0599959 1.21661 1.44103 0.97819
0.861862 0.523191 0.0599959 1.21661 1.44103 0.97819
0.865156 0.505771 0.0538239 1.21661 1.44103 0.97819
0.865156 0.505771 0.0538239 1.21661 1.44103 0.97819
0.865156 0.505771 0.0538239 1.21661 1.44103 0.97819
0.865156 0.505771 0.0538239 1.21661 1.44103 0.97819
0.865156 0.505771 0.0538239 1.21661 1.44103 0.97819
0.865156 0.505771 0.0538239 1.21661 1.44103 0.97819
0.866318 0.494897 0.0488463 1.21661 1.44103 0.97819
0.866318 0.494897 0.0488463 1.21661 1.44103 0.97819
0.866318 0.494897 0.0488463 1.21661 1.44103 0.97819
0.866318 0.494897 0.0488463 1.21661 1.44103 0.97819
0.866318 0.494897 0.0488463 1.21661 1.44103 0.97819
0.866318 0.494897 0.0488463 1.21661 1.44103 0.97819
0.866318 0.494897 0.0488463 1.21661 1.44103 0.97819
0.866318 0.494897 0.0488463 1.21661 1.44103 0.97819
0.866318 0.494897 0.0488463 1.21661 1.44103 0.97819
0.866318 0.494897 0.0488463 1.21661 1.44103 0.97819
0.873634 0.434524 0.0432792 1.21661 1.44103 0.97819
0.873634 0.434524 0.0432792 1.21661 1.44103 0.97819
0.873634 0.434524 0.0432792 1.21661 1.44103 0.97819
0.873634 0.434524 0.0432792 1.21661 1.44103 0.97819
0.873634 0.434524 0.0432792 1.21661 1.44103 0.97819
0.873719 0.423451 0.0456874 1.21661 1.44103 0.97819
0.873719 0.423451 0.0456874 1.21661 1.44103 0.97819
0.873719 0.423451 0.0456874 1.21661 1.44103 0.97819
0.873719 0.423451 0.0456874 1.21661 1.44103 0.97819
0.873719 0.423451 0.0456874 1.21661 1.44103 0.97819
0.873719 0.423451 0.0456874 1.21661 1.44103 0.97819
0.873719 0.423451 0.0456874 1.21661 1.44103 0.97819
0.877003 0.402456 0.0485004 1.21661 1.44103 0.97819
0.877003 0.402456 0.0485004 1.21661 1.44103 0.97819
0.877003 0.402456 0.0485004 1.21661 1.44103 0.97819
0.877003 0.402456 0.0485004 1.21661 1.44103 0.97819
0.877003 0.402456 0.0485004 1.21661 1.44103 0.97819
0.878437 0.379232 0.0520395 1.21661 1.44103 0.97819
0.878437 0.379232 0.0520395 1.21661 1.44103 0.97819
0.878437 0.379232 0.0520395 1.21661 1.44103 0.97819
0.878437 0.379232 0.0520395 1.21661 1.44103 0.97819
0.879976 0.359016 0.0502888 1.21661 1.44103 0.97819
0.879976 0.359016 0.0502888 1.21661 1.44103 0.97819
0.879976 0.359016 0.0502888 1.21661 1.44103 0.97819
0.879976 0.359016 0.0502888 1.21661 1.44103 0.97819
0.883131 0.310115 0.0576718 1.21661 1.44103 0.97819
0.883162 0.298657 0.0575186 1.21661 1.44103 0.97819
0.886178 0.28907 0.0550459 1.21661 1.44103 0.97819
0.886178 0.28907 0.0550459 1.21661 1.44103 0.97819
0.886178 0.28907 0.0550459 1.21661 1.44103 0.97819
0.886178 0.28907 0.0550459 1.21661 1.44103 0.97819
0.886178 0.28907 0.0550459 1.21661 1.44103 0.97819
0.886178 0.28907 0.0550459 1.21661 1.44103 0.97819
0.886178 0.28907 0.0550459 1.21661 1.44103 0.97819
0.886178 0.28907 0.0550459 1.21661 1.44103 0.97819
0.886178 0.28907 0.0550459 1.21661 1.44103 0.97819
0.886178 0.28907 0.0550459 1.21661 1.44103 0.97819
0.886178 0.28907 0.0550459 1.21661 1.44103 0.97819
0.886178 0.28907 0.0550459 1.21661 1.44103 0.97819
0.886178 0.28907 0.0550459 1.21661 1.44103 0.97819
0.886178 0.28907 0.0550459 1.21661 1.44103 0.97819
0.886178 0.28907 0.0550459 1.21661 1.44103 0.97819
0.886178 0.28907 0.0550459 1.21661 1.44103 0.97819
0.886178 0.28907 0.0550459 1.21661 1.44103 0.97819
0.886178 0.28907 0.0550459 1.21661 1.44103 0.97819
0.886178 0.28907 0.0550459 1.21661 1.44103 0.97819
0.886178 0.28907 0.0550459 1.21661 1.44103 0.97819
1.10694 0.44631 0.0426215 1.21661 1.44103 0.97819
1.10694 0.44631 0.0426215 1.21661 1.44103 0.97819
1.10694 0.44631 0.0426215 1.21661 1.44103 0.97819
1.10694 0.44631 0.0426215 1.21661 1.44103 0.97819
1.10694 0.44631 0.0426215 1.21661 1.44103 0.97819
1.10694 0.44631 0.0426215 1.21661 1.44103 0.97819
1.11051 0.374554 0.047589 1.47925 1.82212 1.18381
1.11051 0.374554 0.047589 1.47925 1.82212 1.18381
1.11051 0.374554 0.047589 1.47925 1.82212 1.18381
1.11051 0.374554 0.047589 1.47925 1.82212 1.18381
1.11051 0.374554 0.047589 1.47925 1.82212 1.18381
1.11051 0.374554 0.047589 1.47925 1.82212 1.18381
1.11051 0.374554 0.047589 1.47925 1.82212 1.18381
1.11051 0.374554 0.047589 1.47925 1.82212 1.18381
1.11051 0.374554 0.047589 1.47925 1.82212 1.18381
1.11299 0.352797 0.0537693 1.47925 1.82212 1.18381
1.11241 0.339238 0.0591916 1.47925 1.82212 1.18381
1.11108 0.329919 0.0611405 1.47925 1.82212 1.18381
1.11108 0.329919 0.0611405 1.47925 1.82212 1.18381
1.11108 0.329919 0.0611405 1.47925 1.82212 1.18381
1.10981 0.318919 0.0627856 1.47925 1.82212 1.18381
1.10981 0.318919 0.0627856 1.47925 1.82212 1.18381
1.11139 0.30947 0.0630281 1.47925 1.82212 1.18381
1.11139 0.30947 0.0630281 1.47925 1.82212 1.18381
1.11139 0.30947 0.0630281 1.47925 1.82212 1.18381
1.11159 0.291396 0.0652975 1.47925 1.82212 1.18381
1.11159 0.291396 0.0652975 1.47925 1.82212 1.18381
1.11159 0.291396 0.0652975 1.47925 1.82212 1.18381
1.11226 0.283062 0.0665657 1.47925 1.82212 1.18381
1.11226 0.283062 0.0665657 1.47925 1.82212 1.18381
1.11226 0.283062 0.0665657 1.47925 1.82212 1.18381
1.11226 0.283062 0.0665657 1.47925 1.82212 1.18381
1.11363 0.273951 0.0667405 1.47925 1.82212 1.18381
1.11357 0.266099 0.0681796 1.47925 1.82212 1.18381
1.11357 0.266099 0.0681796 1.47925 1.82212 1.18381
1.11357 0.266099 0.0681796 1.47925 1.82212 1.18381
1.11357 0.266099 0.0681796 1.47925 1.82212 1.18381
1.11357 0.266099 0.0681796 1.47925 1.82212 1.18381
1.11357 0.266099 0.0681796 1.47925 1.82212 1.18381
1.11357 0.266099 0.0681796 1.47925 1.82212 1.18381
1.11357 0.266099 0.0681796 1.47925 1.82212 1.18381
1.11357 0.266099 0.0681796 1.47925 1.82212 1.18381
1.11357 0.266099 0.0681796 1.47925 1.82212 1.18381
1.11357 0.266099 0.0681796 1.47925 1.82212 1.18381
1.11357 0.266099 0.0681796 1.47925 1.82212 1.18381
1.11357 0.266099 0.0681796 1.47925 1.82212 1.18381
1.11357 0.266099 0.0681796 1.47925 1.82212 1.18381
1.11357 0.266099 0.0681796 1.47925 1.82212 1.18381
1.11357 0.266099 0.0681796 1.47925 1.82212 1.18381
1.11357 0.266099 0.0681796 1.47925 1.82212 1.18381
1.11357 0.266099 0.0681796 1.47925 1.82212 1.18381
1.11505 0.227172 0.069159 1.47925 1.82212 1.18381
1.11505 0.227172 0.069159 1.47925 1.82212 1.18381
1.11505 0.227172 0.069159 1.47925 1.82212 1.18381
1.11551 0.208445 0.0697438 1.47925 1.82212 1.18381
1.11551 0.208445 0.0697438 1.47925 1.82212 1.18381
1.11551 0.208445 0.0697438 1.47925 1.82212 1.18381
1.11551 0.208445 0.0697438 1.47925 1.82212 1.18381
1.11688 0.200485 0.0695751 1.47925 1.82212 1.18381
1.11688 0.200485 0.0695751 1.47925 1.82212 1.18381
1.11688 0.200485 0.0695751 1.47925 1.82212 1.18381
1.11688 0.200485 0.0695751 1.47925 1.82212 1.18381
1.11688 0.200485 0.0695751 1.47925 1.82212 1.18381
1.12021 0.18671 0.0712061 1.47925 1.82212 1.18381
1.11549 0.162638 0.0739396 1.47925 1.82212 1.18381
1.11549 0.162638 0.0739396 1.47925 1.82212 1.18381
1.11541 0.158556 0.0746048 1.47925 1.82212 1.18381
1.11541 0.158556 0.0746048 1.47925 1.82212 1.18381
1.11394 0.160031 0.0761018 1.47925 1.82212 1.18381
1.11394 0.160031 0.0761018 1.47925 1.82212 1.18381
1.11567 0.155885 0.0784518 1.47925 1.82212 1.18381
1.11567 0.155885 0.0784518 1.47925 1.82212 1.18381
1.11555 0.153608 0.0781738 1.47925 1.82212 1.18381
1.11472 0.153022 0.0812242 1.47925 1.82212 1.18381
1.113 0.152998 0.0831992 1.47925 1.82212 1.18381
1.113 0.152998 0.0831992 1.47925 1.82212 1.18381
1.113 0.152998 0.0831992 1.47925 1.82212 1.18381
1.10885 0.154047 0.0807597 1.47925 1.82212 1.18381
1.10885 0.154047 0.0807597 1.47925 1.82212 1.18381
1.1066 0.154197 0.0808618 1.47925 1.82212 1.18381
1.1066 0.154197 0.0808618 1.47925 1.82212 1.18381
1.10149 0.15736 0.0876217 1.47925 1.82212 1.18381
1.10149 0.15736 0.0876217 1.47925 1.82212 1.18381
1.10149 0.15736 0.0876217 1.47925 1.82212 1.18381
1.09397 0.151201 0.0908754 1.47925 1.82212 1.18381
1.09397 0.151201 0.0908754 1.47925 1.82212 1.18381
1.08751 0.1436 0.0770123 1.47925 1.82212 1.18381
1.08751 0.1436 0.0770123 1.47925 1.82212 1.18381
1.07863 0.140297 0.0690487 1.47925 1.82212 1.18381
1.07863 0.140297 0.0690487 1.47925 1.82212 1.18381
1.07207 0.135925 0.067004 1.47925 1.82212 1.18381
1.07207 0.135925 0.067004 1.47925 1.82212 1.18381
1.06589 0.136851 0.0729494 1.47925 1.82212 1.18381
1.06589 0.136851 0.0729494 1.47925 1.82212 1.18381
1.05885 0.141678 0.0812766 1.47925 1.82212 1.18381
1.04908 0.144013 0.0951552 1.47925 1.82212 1.18381
1.04908 0.144013 0.0951552 1.47925 1.82212 1.18381
1.0378 0.145541 0.0980293 1.47925 1.82212 1.18381
1.0378 0.145541 0.0980293 1.47925 1.82212 1.18381
1.0378 0.145541 0.0980293 1.47925 1.82212 1.18381
1.03405 0.145621 0.0997672 1.47925 1.82212 1.18381
1.02925 0.147697 0.101317 1.47925 1.82212 1.18381
1.01781 0.149056 0.102974 1.47925 1.82212 1.18381
1.01781 0.149056 0.102974 1.47925 1.82212 1.18381
1.0111 0.1478 0.102158 1.47925 1.82212 1.18381
1.0111 0.1478 0.102158 1.47925 1.82212 1.18381
1.00184 0.149982 0.103698 1.47925 1.82212 1.18381
1.00184 0.149982 0.103698 1.47925 1.82212 1.18381
1.00184 0.149982 0.103698 1.47925 1.82212 1.18381
1.00184 0.149982 0.103698 1.47925 1.82212 1.18381
0.9871 0.149682 0.101239 1.47925 1.82212 1.18381
0.9871 0.149682 0.101239 1.47925 1.82212 1.18381
0.9871 0.149682 0.101239 1.47925 1.82212 1.18381
0.978603 0.149055 0.0971926 1.47925 1.82212 1.18381
0.978603 0.149055 0.0971926 1.47925 1.82212 1.18381
0.970824 0.145659 0.0948948 1.47925 1.82212 1.18381
0.964773 0.143388 0.0880758 1.47925 1.82212 1.18381
0.964773 0.143388 0.0880758 1.47925 1.82212 1.18381
0.964773 0.143388 0.0880758 1.47925 1.82212 1.18381
0.955277 0.141845 0.0844341 1.47925 1.82212 1.18381
0.955277 0.141845 0.0844341 1.47925 1.82212 1.18381
0.955277 0.141845 0.0844341 1.47925 1.82212 1.18381
0.938695 0.138617 0.0765957 1.47925 1.82212 1.18381
0.938695 0.138617 0.0765957 1.47925 1.82212 1.18381
0.938695 0.138617 0.0765957 1.47925 1.82212 1.18381
0.938695 0.138617 0.0765957 1.47925 1.82212 1.18381
0.920534 0.134428 0.0729014 1.47925 1.82212 1.18381
0.920476 0.13442 0.0729011 1.47925 1.82212 1.18381
0.920476 0.13442 0.0729011 1.47925 1.82212 1.18381
0.920476 0.13442 0.0729011 1.47925 1.82212 1.18381
0.920476 0.13442 0.0729011 1.47925 1.82212 1.18381
0.920476 0.13442 0.0729011 1.47925 1.82212 1.18381
0.920476 0.13442 0.0729011 1.47925 1.82212 1.18381
0.920476 0.13442 0.0729011 1.47925 1.82212 1.18381
0.920476 0.13442 0.0729011 1.47925 1.82212 1.18381
0.920476 0.13442 0.0729011 1.47925 1.82212 1.18381
0.920476 0.13442 0.0729011 1.47925 1.82212 1.18381
0.920476 0.13442 0.0729011 1.47925 1.82212 1.18381
0.920476 0.13442 0.0729011 1.47925 1.82212 1.18381
