0.00938349 -0.00394158 -1.56924 0.247065 0.246003 0.0684891
0.00959112 -0.00281754 -1.56948 0.247065 0.246003 0.0684891
0.0105773 -0.00407667 -1.56875 0.247065 0.246003 0.0684891
0.0095417 -0.00319843 -1.56902 0.247065 0.246003 0.0684891
0.0106996 -0.00278257 -1.56926 0.247065 0.246003 0.0684891
0.0106996 -0.00278257 -1.56926 0.247065 0.246003 0.0684891
0.0103629 -0.00314932 -1.56914 0.247065 0.246003 0.0684891
0.0103961 -0.00297831 -1.56909 0.247065 0.246003 0.0684891
0.0105011 -0.00302386 -1.56888 0.247065 0.246003 0.0684891
0.00988614 -0.00175338 -1.5695 0.247065 0.246003 0.0684891
0.010629 -0.00263774 -1.56857 0.247065 0.246003 0.0684891
0.0100057 -0.00322492 -1.56887 0.247065 0.246003 0.0684891
0.0096784 -0.00298401 -1.56917 0.247065 0.246003 0.0684891
0.0116168 -0.00333799 -1.56862 0.247065 0.246003 0.0684891
0.00993205 -0.00279431 -1.56957 0.247065 0.246003 0.0684891
0.0100424 -0.00285355 -1.56937 0.247065 0.246003 0.0684891
0.0100424 -0.00285355 -1.56937 0.247065 0.246003 0.0684891
0.0111432 -0.00315926 -1.56924 0.247065 0.246003 0.0684891
0.0100489 -0.00284396 -1.56897 0.247065 0.246003 0.0684891
0.0114569 -0.00343192 -1.56869 0.247065 0.246003 0.0684891
0.0107287 -0.0035397 -1.56855 0.247065 0.246003 0.0684891
0.0107006 -0.00241542 -1.56961 0.247065 0.246003 0.0684891
0.00943345 -0.00271555 -1.56852 0.247065 0.246003 0.0684891
0.0100671 -0.00307588 -1.56953 0.247065 0.246003 0.0684891
0.0094031 -0.00190433 -1.56894 0.247065 0.246003 0.0684891
0.0107591 -0.00229256 -1.56913 0.247065 0.246003 0.0684891
0.0107591 -0.00229256 -1.56913 0.247065 0.246003 0.0684891
0.0107591 -0.00229256 -1.56913 0.247065 0.246003 0.0684891
0.00888156 -0.00277422 -1.56904 0.247065 0.246003 0.0684891
0.0102577 -0.00365548 -1.56809 0.247065 0.246003 0.0684891
0.0104927 -0.00291777 -1.56891 0.247065 0.246003 0.0684891
0.00981694 -0.0033021 -1.5695 0.247065 0.246003 0.0684891
0.00937008 -0.00302733 -1.56917 0.247065 0.246003 0.0684891
0.00762016 -0.00220495 -1.56944 0.247065 0.246003 0.0684891
0.00996323 -0.00358958 -1.56853 0.247065 0.246003 0.0684891
0.00850772 -0.00325642 -1.56985 0.247065 0.246003 0.0684891
0.00995329 -0.00220893 -1.56914 0.247065 0.246003 0.0684891
0.00847248 -0.00258976 -1.56932 0.247065 0.246003 0.0684891
0.0099743 -0.00328315 -1.56866 0.247065 0.246003 0.0684891
0.00943112 -0.00284989 -1.56834 0.247065 0.246003 0.0684891
0.0106724 -0.00314518 -1.56905 0.247065 0.246003 0.0684891
0.00981314 -0.00362789 -1.56796 0.247065 0.246003 0.0684891
0.0083441 -0.0026885 -1.56912 0.247065 0.246003 0.0684891
0.0095213 -0.00217751 -1.56917 0.247065 0.246003 0.0684891
0.00890321 -0.00160849 -1.56952 0.247065 0.246003 0.0684891
0.00942641 -0.00262567 -1.5685 0.247065 0.246003 0.0684891
0.00999473 -0.00389451 -1.56835 0.247065 0.246003 0.0684891
0.00999473 -0.00389451 -1.56835 0.247065 0.246003 0.0684891
0.0098365 -0.00244654 -1.57025 0.247065 0.246003 0.0684891
0.00843067 -0.00234247 -1.56948 0.247065 0.246003 0.0684891
0.0102052 -0.00362028 -1.56893 0.247065 0.246003 0.0684891
0.0107159 -0.00375066 -1.56979 0.247065 0.246003 0.0684891
0.00850768 -0.00253237 -1.56957 0.247065 0.246003 0.0684891
0.00891597 -0.00151007 -1.56982 0.247065 0.246003 0.0684891
0.00957931 -0.00329543 -1.56907 0.247065 0.246003 0.0684891
0.00957931 -0.00329543 -1.56907 0.247065 0.246003 0.0684891
0.0101552 -0.00361947 -1.56884 0.247065 0.246003 0.0684891
0.00861533 -0.00294263 -1.56923 0.247065 0.246003 0.0684891
0.00861533 -0.00294263 -1.56923 0.247065 0.246003 0.0684891
0.00861533 -0.00294263 -1.56923 0.247065 0.246003 0.0684891
0.00861533 -0.00294263 -1.56923 0.247065 0.246003 0.0684891
0.00861533 -0.00294263 -1.56923 0.247065 0.246003 0.0684891
0.00861533 -0.00294263 -1.56923 0.247065 0.246003 0.0684891
0.00861533 -0.00294263 -1.56923 0.247065 0.246003 0.0684891
0.00881369 -0.00267405 -1.57018 0.247065 0.246003 0.0684891
0.00770932 -0.00139443 -1.56949 0.247065 0.246003 0.0684891
0.00893919 -0.00319763 -1.56856 0.247065 0.246003 0.0684891
0.0101118 -0.00397185 -1.56848 0.247065 0.246003 0.0684891
0.00938244 -0.00268538 -1.5687 0.247065 0.246003 0.0684891
0.00824489 -0.00277307 -1.56877 0.247065 0.246003 0.0684891
0.00890348 -0.00268194 -1.56888 0.247065 0.246003 0.0684891
0.00933033 -0.00304357 -1.56907 0.247065 0.246003 0.0684891
0.00914684 -0.00447277 -1.56825 0.247065 0.246003 0.0684891
0.00997578 -0.00389802 -1.56826 0.247065 0.246003 0.0684891
0.00888098 -0.00255678 -1.56976 0.247065 0.246003 0.0684891
0.00803904 -0.00336209 -1.56924 0.247065 0.246003 0.0684891
0.0101592 -0.00400207 -1.56872 0.247065 0.246003 0.0684891
0.0083804 -0.00367979 -1.56881 0.247065 0.246003 0.0684891
0.0083804 -0.00367979 -1.56881 0.247065 0.246003 0.0684891
0.00960824 -0.00347147 -1.56935 0.247065 0.246003 0.0684891
0.00848008 -0.00290768 -1.56872 0.247065 0.246003 0.0684891
0.00859871 -0.00373683 -1.56897 0.247065 0.246003 0.0684891
0.00850043 -0.00329743 -1.56891 0.247065 0.246003 0.0684891
0.00886294 -0.00382559 -1.56842 0.247065 0.246003 0.0684891
0.00838535 -0.0040522 -1.56819 0.247065 0.246003 0.0684891
0.00954951 -0.00335291 -1.5691 0.247065 0.246003 0.0684891
0.00876165 -0.00346634 -1.56935 0.247065 0.246003 0.0684891
0.00941252 -0.00369662 -1.56884 0.247065 0.246003 0.0684891
0.009372 -0.00330497 -1.56866 0.247065 0.246003 0.0684891
0.0112539 -0.00369784 -1.56815 0.247065 0.246003 0.0684891
0.0107587 -0.00323692 -1.56879 0.247065 0.246003 0.0684891
0.00964817 -0.00265503 -1.56843 0.247065 0.246003 0.0684891
0.00964817 -0.00265503 -1.56843 0.247065 0.246003 0.0684891
0.00916718 -0.00282453 -1.56905 0.247065 0.246003 0.0684891
0.00917827 -0.00301516 -1.5696 0.247065 0.246003 0.0684891
0.00879369 -0.00311537 -1.56916 0.247065 0.246003 0.0684891
0.00879083 -0.00311615 -1.56916 0.247065 0.246003 0.0684891
0.00813598 -0.00210989 -1.56936 0.247065 0.246003 0.0684891
0.00997746 -0.00391568 -1.5685 0.247065 0.246003 0.0684891
0.0088737 -0.00278028 -1.56904 0.247065 0.246003 0.0684891
0.00886716 -0.00277909 -1.56903 0.247065 0.246003 0.0684891
0.00886716 -0.00277909 -1.56903 0.247065 0.246003 0.0684891
0.00903154 -0.00347505 -1.56879 0.247065 0.246003 0.0684891
0.0105288 -0.00440732 -1.56959 0.247065 0.246003 0.0684891
0.0091445 -0.00402839 -1.56884 0.247065 0.246003 0.0684891
0.0091445 -0.00402839 -1.56884 0.247065 0.246003 0.0684891
0.0091445 -0.00402839 -1.56884 0.247065 0.246003 0.0684891
0.0091445 -0.00402839 -1.56884 0.247065 0.246003 0.0684891
0.470925 0.841646 -1.1537 0.247065 0.246003 0.0684891
0.469729 0.84336 -1.15429 0.0097978 0.00971604 0.00990587
0.469729 0.84336 -1.15429 0.0097978 0.00971604 0.00990587
0.469729 0.84336 -1.15429 0.0097978 0.00971604 0.00990587
0.47108 0.8422 -1.15301 0.0097978 0.00971604 0.00990587
0.47108 0.8422 -1.15301 0.0097978 0.00971604 0.00990587
0.47076 0.841037 -1.15348 0.0097978 0.00971604 0.00990587
0.469461 0.841954 -1.15343 0.0097978 0.00971604 0.00990587
0.469461 0.841954 -1.15343 0.0097978 0.00971604 0.00990587
0.469848 0.842683 -1.15309 0.0097978 0.00971604 0.00990587
0.469266 0.841267 -1.15379 0.0097978 0.00971604 0.00990587
0.472291 0.841891 -1.15384 0.0097978 0.00971604 0.00990587
0.470482 0.842033 -1.15358 0.0097978 0.00971604 0.00990587
0.471743 0.842308 -1.15396 0.0097978 0.00971604 0.00990587
0.470909 0.842658 -1.15384 0.0097978 0.00971604 0.00990587
0.471995 0.842321 -1.15348 0.0097978 0.00971604 0.00990587
0.472335 0.84244 -1.1539 0.0097978 0.00971604 0.00990587
0.471355 0.842278 -1.15391 0.0097978 0.00971604 0.00990587
0.472998 0.841594 -1.15263 0.0097978 0.00971604 0.00990587
0.470927 0.841954 -1.15346 0.0097978 0.00971604 0.00990587
0.471174 0.843057 -1.15325 0.0097978 0.00971604 0.00990587
0.471174 0.843057 -1.15325 0.0097978 0.00971604 0.00990587
0.47283 0.842025 -1.15303 0.0097978 0.00971604 0.00990587
0.471104 0.842384 -1.15315 0.0097978 0.00971604 0.00990587
0.471567 0.842889 -1.15451 0.0097978 0.00971604 0.00990587
0.47113 0.842307 -1.1534 0.0097978 0.00971604 0.00990587
0.476667 0.844045 -1.16139 0.0097978 0.00971604 0.00990587
0.480438 0.84461 -1.16507 0.0097978 0.00971604 0.00990587
0.486086 0.846602 -1.17435 0.0097978 0.00971604 0.00990587
0.498247 0.847962 -1.17971 0.0097978 0.00971604 0.00990587
0.508005 0.851127 -1.18532 0.0097978 0.00971604 0.00990587
0.508005 0.851127 -1.18532 0.0097978 0.00971604 0.00990587
0.521996 0.853801 -1.2091 0.0097978 0.00971604 0.00990587
0.533652 0.853676 -1.22317 0.0097978 0.00971604 0.00990587
0.555405 0.861525 -1.24611 0.0097978 0.00971604 0.00990587
0.561725 0.864373 -1.25118 0.0097978 0.00971604 0.00990587
0.57733 0.869224 -1.25919 0.0097978 0.00971604 0.00990587
0.59552 0.87306 -1.26728 0.0097978 0.00971604 0.00990587
0.605748 0.879438 -1.28003 0.0097978 0.00971604 0.00990587
0.605748 0.879438 -1.28003 0.0097978 0.00971604 0.00990587
0.620547 0.883514 -1.28807 0.0097978 0.00971604 0.00990587
0.644901 0.886707 -1.29464 0.0097978 0.00971604 0.00990587
0.657537 0.890985 -1.29795 0.0097978 0.00971604 0.00990587
0.671387 0.89151 -1.30103 0.0097978 0.00971604 0.00990587
0.671387 0.89151 -1.30103 0.0097978 0.00971604 0.00990587
0.671387 0.89151 -1.30103 0.0097978 0.00971604 0.00990587
0.671387 0.89151 -1.30103 0.0097978 0.00971604 0.00990587
0.671387 0.89151 -1.30103 0.0097978 0.00971604 0.00990587
0.734684 0.890905 -1.33597 0.0707563 0.0583934 0.0115589
0.798263 0.893928 -1.34688 0.0707563 0.0583934 0.0115589
0.798263 0.893928 -1.34688 0.0707563 0.0583934 0.0115589
0.824257 0.896357 -1.35434 0.0707563 0.0583934 0.0115589
0.858516 0.898514 -1.35983 0.0707563 0.0583934 0.0115589
0.868217 0.899428 -1.36407 0.0707563 0.0583934 0.0115589
0.868217 0.899428 -1.36407 0.0707563 0.0583934 0.0115589
0.868217 0.899428 -1.36407 0.0707563 0.0583934 0.0115589
0.887173 0.898957 -1.36408 0.0707563 0.0583934 0.0115589
0.909703 0.90092 -1.36936 0.0707563 0.0583934 0.0115589
0.909703 0.90092 -1.36936 0.0707563 0.0583934 0.0115589
0.944875 0.905288 -1.38011 0.0707563 0.0583934 0.0115589
0.993568 0.910347 -1.39048 0.0707563 0.0583934 0.0115589
1.00773 0.911025 -1.39177 0.0707563 0.0583934 0.0115589
1.02791 0.909711 -1.3938 0.0707563 0.0583934 0.0115589
1.03929 0.909472 -1.39549 0.0707563 0.0583934 0.0115589
1.06473 0.909892 -1.39921 0.0707563 0.0583934 0.0115589
1.07582 0.911163 -1.40321 0.0707563 0.0583934 0.0115589
1.09126 0.910597 -1.40472 0.0707563 0.0583934 0.0115589
1.10206 0.910424 -1.40853 0.0707563 0.0583934 0.0115589
1.10206 0.910424 -1.40853 0.0707563 0.0583934 0.0115589
1.14782 0.891412 -1.44045 0.01136 0.00672519 0.00737478
1.18021 0.894513 -1.44675 0.01136 0.00672519 0.00737478
1.19865 0.894465 -1.44978 0.01136 0.00672519 0.00737478
1.2114 0.896615 -1.45373 0.01136 0.00672519 0.00737478
1.24534 0.893249 -1.45857 0.01136 0.00672519 0.00737478
1.25535 0.894218 -1.4614 0.01136 0.00672519 0.00737478
1.27292 0.894499 -1.46442 0.01136 0.00672519 0.00737478
1.29654 0.893637 -1.47072 0.01136 0.00672519 0.00737478
1.31417 0.897232 -1.47476 0.01136 0.00672519 0.00737478
1.32075 0.894069 -1.47417 0.01136 0.00672519 0.00737478
1.33924 0.897005 -1.47848 0.01136 0.00672519 0.00737478
1.36554 0.898537 -1.48617 0.01136 0.00672519 0.00737478
1.38484 0.898661 -1.48888 0.01136 0.00672519 0.00737478
1.4175 0.899498 -1.49415 0.01136 0.00672519 0.00737478
1.43943 0.900946 -1.49728 0.01136 0.00672519 0.00737478
1.45448 0.902204 -1.50243 0.01136 0.00672519 0.00737478
1.46761 0.903473 -1.50689 0.01136 0.00672519 0.00737478
1.48266 0.902055 -1.50992 0.01136 0.00672519 0.00737478
1.49435 0.900065 -1.5112 0.01136 0.00672519 0.00737478
1.52546 0.902844 -1.52199 0.01136 0.00672519 0.00737478
1.55236 0.90538 -1.53066 0.01136 0.00672519 0.00737478
1.59175 0.881368 -1.55367 0.01136 0.00672519 0.00737478
1.61409 0.878937 -1.56094 0.0965407 0.139709 0.0459634
1.61409 0.878937 -1.56094 0.0965407 0.139709 0.0459634
1.61409 0.878937 -1.56094 0.0965407 0.139709 0.0459634
1.62617 0.878769 -1.56687 0.0965407 0.139709 0.0459634
1.67051 0.872715 -1.57258 0.0965407 0.139709 0.0459634
1.72579 0.870094 -1.59263 0.0965407 0.139709 0.0459634
1.77151 0.867706 -1.60288 0.0965407 0.139709 0.0459634
1.78759 0.863798 -1.60684 0.0965407 0.139709 0.0459634
1.78759 0.863798 -1.60684 0.0965407 0.139709 0.0459634
1.78759 0.863798 -1.60684 0.0965407 0.139709 0.0459634
1.78759 0.863798 -1.60684 0.0965407 0.139709 0.0459634
1.84576 0.859293 -1.62507 0.0965407 0.139709 0.0459634
1.86685 0.859925 -1.63133 0.0965407 0.139709 0.0459634
1.9013 0.855367 -1.64346 0.0965407 0.139709 0.0459634
1.91997 0.856124 -1.64867 0.0965407 0.139709 0.0459634
1.95105 0.8504 -1.65623 0.0965407 0.139709 0.0459634
1.97434 0.844679 -1.65929 0.0965407 0.139709 0.0459634
1.98563 0.8413 -1.66215 0.0965407 0.139709 0.0459634
1.99623 0.83867 -1.66188 0.0965407 0.139709 0.0459634
2.02327 0.832012 -1.66289 0.0965407 0.139709 0.0459634
2.02327 0.832012 -1.66289 0.0965407 0.139709 0.0459634
2.02327 0.832012 -1.66289 0.0965407 0.139709 0.0459634
2.02327 0.832012 -1.66289 0.0965407 0.139709 0.0459634
2.02327 0.832012 -1.66289 0.0965407 0.139709 0.0459634
2.12446 0.809295 -1.68091 0.0336603 0.00573514 0.0058012
2.14327 0.805627 -1.68151 0.0336603 0.00573514 0.0058012
2.15835 0.801433 -1.68081 0.0336603 0.00573514 0.0058012
2.18178 0.796644 -1.68392 0.0336603 0.00573514 0.0058012
2.19008 0.794399 -1.68527 0.0336603 0.00573514 0.0058012
2.20267 0.791983 -1.68405 0.0336603 0.00573514 0.0058012
2.22735 0.790019 -1.68742 0.0336603 0.00573514 0.0058012
2.25353 0.787146 -1.69112 0.0336603 0.00573514 0.0058012
2.26537 0.782428 -1.69168 0.0336603 0.00573514 0.0058012
2.28262 0.779116 -1.69136 0.0336603 0.00573514 0.0058012
2.29578 0.778216 -1.69275 0.0336603 0.00573514 0.0058012
2.31385 0.778398 -1.69765 0.0336603 0.00573514 0.0058012
2.33724 0.775507 -1.70015 0.0336603 0.00573514 0.0058012
2.35326 0.773165 -1.70167 0.0336603 0.00573514 0.0058012
2.38077 0.768026 -1.70326 0.0336603 0.00573514 0.0058012
2.3909 0.767147 -1.70397 0.0336603 0.00573514 0.0058012
2.40397 0.765538 -1.70471 0.0336603 0.00573514 0.0058012
2.42753 0.762788 -1.70601 0.0336603 0.00573514 0.0058012
2.44112 0.763138 -1.70969 0.0336603 0.00573514 0.0058012
2.4532 0.761102 -1.70967 0.0336603 0.00573514 0.0058012
2.46802 0.758519 -1.71084 0.0336603 0.00573514 0.0058012
2.49421 0.755852 -1.7152 0.0336603 0.00573514 0.0058012
2.50925 0.755552 -1.71728 0.0336603 0.00573514 0.0058012
2.53341 0.755642 -1.71332 0.00890676 0.00477576 0.00235865
2.56486 0.753222 -1.71491 0.00890676 0.00477576 0.00235865
2.59978 0.750018 -1.71412 0.00890676 0.00477576 0.00235865
2.61326 0.748013 -1.71398 0.00890676 0.00477576 0.00235865
2.62977 0.746914 -1.7155 0.00890676 0.00477576 0.00235865
2.64759 0.743941 -1.71451 0.00890676 0.00477576 0.00235865
2.67734 0.743427 -1.71864 0.00890676 0.00477576 0.00235865
2.68975 0.740049 -1.71719 0.00890676 0.00477576 0.00235865
2.70409 0.737195 -1.71611 0.00890676 0.00477576 0.00235865
2.72008 0.73381 -1.71682 0.00890676 0.00477576 0.00235865
2.73373 0.734674 -1.72057 0.00890676 0.00477576 0.00235865
2.76604 0.72887 -1.72237 0.00890676 0.00477576 0.00235865
2.79418 0.726444 -1.72453 0.00890676 0.00477576 0.00235865
2.82407 0.72276 -1.72668 0.00890676 0.00477576 0.00235865
2.83703 0.720752 -1.72531 0.00890676 0.00477576 0.00235865
2.85246 0.717426 -1.72717 0.00890676 0.00477576 0.00235865
2.88049 0.712272 -1.72594 0.00890676 0.00477576 0.00235865
2.89389 0.70912 -1.72659 0.00890676 0.00477576 0.00235865
2.90969 0.707067 -1.72734 0.00890676 0.00477576 0.00235865
2.92391 0.704025 -1.72842 0.00890676 0.00477576 0.00235865
2.95896 0.699498 -1.73404 0.00890676 0.00477576 0.00235865
2.97606 0.696192 -1.73732 0.00890676 0.00477576 0.00235865
2.99213 0.694463 -1.74024 0.00890676 0.00477576 0.00235865
3.03665 0.684802 -1.74459 0.00711864 0.00381344 0.00222761
3.05746 0.682464 -1.74709 0.00711864 0.00381344 0.00222761
3.09715 0.677457 -1.75121 0.00711864 0.00381344 0.00222761
3.11594 0.673617 -1.75267 0.00711864 0.00381344 0.00222761
3.13618 0.672254 -1.75532 0.00711864 0.00381344 0.00222761
3.17613 0.665214 -1.75703 0.00711864 0.00381344 0.00222761
3.19516 0.661525 -1.75674 0.00711864 0.00381344 0.00222761
3.21144 0.659507 -1.76028 0.00711864 0.00381344 0.00222761
3.24293 0.653451 -1.76453 0.00711864 0.00381344 0.00222761
3.25875 0.650622 -1.76671 0.00711864 0.00381344 0.00222761
3.27457 0.648082 -1.76915 0.00711864 0.00381344 0.00222761
3.29132 0.648083 -1.77568 0.00711864 0.00381344 0.00222761
3.32115 0.64231 -1.7774 0.00711864 0.00381344 0.00222761
3.33454 0.638719 -1.77893 0.00711864 0.00381344 0.00222761
3.34938 0.636719 -1.7802 0.00711864 0.00381344 0.00222761
3.36177 0.635528 -1.78398 0.00711864 0.00381344 0.00222761
3.39111 0.630561 -1.78637 0.00711864 0.00381344 0.00222761
3.40269 0.628569 -1.78773 0.00711864 0.00381344 0.00222761
3.41358 0.625028 -1.78784 0.00711864 0.00381344 0.00222761
3.42389 0.623095 -1.79029 0.00711864 0.00381344 0.00222761
3.44439 0.618779 -1.79306 0.00711864 0.00381344 0.00222761
3.46332 0.615335 -1.79154 0.00711864 0.00381344 0.00222761
3.48306 0.612833 -1.78659 0.00542417 0.00306636 0.00217459
3.49146 0.612787 -1.7871 0.00542417 0.00306636 0.00217459
3.50176 0.614205 -1.79013 0.00542417 0.00306636 0.00217459
3.52339 0.607721 -1.78717 0.00542417 0.00306636 0.00217459
3.53458 0.607449 -1.78843 0.00542417 0.00306636 0.00217459
3.54778 0.605936 -1.79126 0.00542417 0.00306636 0.00217459
3.56247 0.604101 -1.78845 0.00542417 0.00306636 0.00217459
3.59317 0.599506 -1.7898 0.00542417 0.00306636 0.00217459
3.60882 0.595747 -1.78785 0.00542417 0.00306636 0.00217459
3.64121 0.593558 -1.79007 0.00542417 0.00306636 0.00217459
3.65601 0.590067 -1.78922 0.00542417 0.00306636 0.00217459
3.67328 0.587496 -1.78975 0.00542417 0.00306636 0.00217459
3.70469 0.583198 -1.79148 0.00542417 0.00306636 0.00217459
3.71774 0.579902 -1.7901 0.00542417 0.00306636 0.00217459
3.74556 0.577334 -1.79965 0.00542417 0.00306636 0.00217459
3.75921 0.572789 -1.79968 0.00542417 0.00306636 0.00217459
3.77284 0.571157 -1.80399 0.00542417 0.00306636 0.00217459
3.79894 0.567121 -1.81016 0.00542417 0.00306636 0.00217459
3.81081 0.564919 -1.81155 0.00542417 0.00306636 0.00217459
3.83273 0.560466 -1.81607 0.00542417 0.00306636 0.00217459
3.84172 0.559486 -1.81878 0.00542417 0.00306636 0.00217459
3.86461 0.557419 -1.82138 0.00542417 0.00306636 0.00217459
3.87583 0.555594 -1.81993 0.00542417 0.00306636 0.00217459
3.88942 0.554703 -1.82073 0.00542417 0.00306636 0.00217459
3.91669 0.551285 -1.819 0.00542417 0.00306636 0.00217459
3.93113 0.549314 -1.81595 0.00542417 0.00306636 0.00217459
3.94583 0.547294 -1.81059 0.00542417 0.00306636 0.00217459
3.9763 0.542121 -1.79934 0.00491442 0.00403311 0.002488
3.99387 0.544786 -1.79819 0.00491442 0.00403311 0.002488
4.02637 0.540189 -1.78991 0.00491442 0.00403311 0.002488
4.04319 0.53938 -1.786 0.00491442 0.00403311 0.002488
4.05797 0.535325 -1.78057 0.00491442 0.00403311 0.002488
4.07453 0.533934 -1.77917 0.00491442 0.00403311 0.002488
4.09079 0.532878 -1.77767 0.00491442 0.00403311 0.002488
4.12108 0.528687 -1.77418 0.00491442 0.00403311 0.002488
4.13504 0.527039 -1.7721 0.00491442 0.00403311 0.002488
4.14726 0.523946 -1.77061 0.00491442 0.00403311 0.002488
4.1727 0.521538 -1.77267 0.00491442 0.00403311 0.002488
4.18499 0.521271 -1.77706 0.00491442 0.00403311 0.002488
4.19171 0.519066 -1.77548 0.00491442 0.00403311 0.002488
4.20064 0.517823 -1.77675 0.00491442 0.00403311 0.002488
4.20446 0.518117 -1.77695 0.00491442 0.00403311 0.002488
4.2061 0.515939 -1.77715 0.00491442 0.00403311 0.002488
4.20449 0.514221 -1.77597 0.00491442 0.00403311 0.002488
4.20534 0.515388 -1.77639 0.00491442 0.00403311 0.002488
4.2055 0.516893 -1.77795 0.00491442 0.00403311 0.002488
4.20525 0.515489 -1.77633 0.00491442 0.00403311 0.002488
4.20483 0.516472 -1.77687 0.00491442 0.00403311 0.002488
4.20371 0.516437 -1.77686 0.00491442 0.00403311 0.002488
4.20479 0.515254 -1.77623 0.00491442 0.00403311 0.002488
4.20476 0.516647 -1.77669 0.00491442 0.00403311 0.002488
4.20448 0.516396 -1.77751 0.00491442 0.00403311 0.002488
4.20539 0.51623 -1.77749 0.00491442 0.00403311 0.002488
4.20463 0.51668 -1.77725 0.00491442 0.00403311 0.002488
4.20303 0.516793 -1.77607 0.00491442 0.00403311 0.002488
4.2041 0.517652 -1.77742 0.00491442 0.00403311 0.002488
4.20482 0.51612 -1.77696 0.00491442 0.00403311 0.002488
4.20482 0.51612 -1.77696 0.00491442 0.00403311 0.002488
4.20456 0.516154 -1.77701 0.00491442 0.00403311 0.002488
4.20499 0.516081 -1.77787 0.00491442 0.00403311 0.002488
4.20499 0.516081 -1.77787 0.00491442 0.00403311 0.002488
4.20511 0.516851 -1.77835 0.00491442 0.00403311 0.002488
4.20513 0.515282 -1.77642 0.00491442 0.00403311 0.002488
4.20573 0.516485 -1.77792 0.00491442 0.00403311 0.002488
4.20371 0.517018 -1.77769 0.00491442 0.00403311 0.002488
4.20371 0.51702 -1.77769 0.00491442 0.00403311 0.002488
4.20279 0.518131 -1.77774 0.00491442 0.00403311 0.002488
4.20429 0.516836 -1.77694 0.00491442 0.00403311 0.002488
4.20515 0.51608 -1.77766 0.00491442 0.00403311 0.002488
4.20499 0.516497 -1.77726 0.00491442 0.00403311 0.002488
4.20493 0.517063 -1.77763 0.00491442 0.00403311 0.002488
4.20428 0.51776 -1.77718 0.00491442 0.00403311 0.002488
4.20428 0.51776 -1.77718 0.00491442 0.00403311 0.002488
4.20542 0.51781 -1.77885 0.00491442 0.00403311 0.002488
4.20361 0.516277 -1.77711 0.00491442 0.00403311 0.002488
4.20358 0.516931 -1.77753 0.00491442 0.00403311 0.002488
4.20436 0.515994 -1.7778 0.00491442 0.00403311 0.002488
4.20404 0.515121 -1.77769 0.00491442 0.00403311 0.002488
4.20396 0.515936 -1.77731 0.00491442 0.00403311 0.002488
4.20395 0.517282 -1.77817 0.00491442 0.00403311 0.002488
4.20463 0.517102 -1.77761 0.00491442 0.00403311 0.002488
4.20303 0.516211 -1.77636 0.00491442 0.00403311 0.002488
4.2024 0.517116 -1.77715 0.00491442 0.00403311 0.002488
4.20371 0.516541 -1.77687 0.00491442 0.00403311 0.002488
4.20348 0.514849 -1.77705 0.00491442 0.00403311 0.002488
