0.00769755 -0.000525464 -1.57193 0.247065 0.246003 0.0684891
0.00735364 -0.000369236 -1.57158 0.247065 0.246003 0.0684891
0.00793399 -0.00080227 -1.57137 0.247065 0.246003 0.0684891
0.0066783 0.000356473 -1.57207 0.247065 0.246003 0.0684891
0.00848198 -0.000166167 -1.57237 0.247065 0.246003 0.0684891
0.0063622 -7.95115e-05 -1.57221 0.247065 0.246003 0.0684891
0.00712536 -0.000580878 -1.57215 0.247065 0.246003 0.0684891
0.00829688 0.000465468 -1.57266 0.247065 0.246003 0.0684891
0.00773766 -0.00234095 -1.57153 0.247065 0.246003 0.0684891
0.00743603 -0.00150285 -1.57229 0.247065 0.246003 0.0684891
0.00612564 -0.000574413 -1.57191 0.247065 0.246003 0.0684891
0.00630105 -0.00188405 -1.57142 0.247065 0.246003 0.0684891
0.00719622 -0.000807574 -1.57195 0.247065 0.246003 0.0684891
0.00719622 -0.000807574 -1.57195 0.247065 0.246003 0.0684891
0.00748462 -0.00149603 -1.57187 0.247065 0.246003 0.0684891
0.00736727 -0.000489911 -1.57176 0.247065 0.246003 0.0684891
0.00694415 -0.000923115 -1.57198 0.247065 0.246003 0.0684891
0.00694415 -0.000923115 -1.57198 0.247065 0.246003 0.0684891
0.00694415 -0.000923115 -1.57198 0.247065 0.246003 0.0684891
0.0062629 -0.00123753 -1.5721 0.247065 0.246003 0.0684891
0.0062629 -0.00123753 -1.5721 0.247065 0.246003 0.0684891
0.00602685 -0.000448821 -1.5717 0.247065 0.246003 0.0684891
0.00760268 -0.00264868 -1.57121 0.247065 0.246003 0.0684891
0.00725088 -0.00199672 -1.57232 0.247065 0.246003 0.0684891
0.00693747 -0.00172195 -1.57201 0.247065 0.246003 0.0684891
0.00693747 -0.00172195 -1.57201 0.247065 0.246003 0.0684891
0.00734558 -0.000639682 -1.57263 0.247065 0.246003 0.0684891
0.00734558 -0.000639682 -1.57263 0.247065 0.246003 0.0684891
0.00619676 -0.00339077 -1.571 0.247065 0.246003 0.0684891
0.00682709 -0.00257822 -1.57152 0.247065 0.246003 0.0684891
0.00628654 -0.00159534 -1.57188 0.247065 0.246003 0.0684891
0.00647747 -0.00225928 -1.57134 0.247065 0.246003 0.0684891
0.00540608 -0.00030053 -1.57204 0.247065 0.246003 0.0684891
0.00540608 -0.00030053 -1.57204 0.247065 0.246003 0.0684891
0.00540608 -0.00030053 -1.57204 0.247065 0.246003 0.0684891
0.00661654 -0.00224997 -1.57172 0.247065 0.246003 0.0684891
0.00868406 0.000322129 -1.57249 0.247065 0.246003 0.0684891
0.00830282 -0.000495008 -1.5722 0.247065 0.246003 0.0684891
0.00792965 -0.00251968 -1.57058 0.247065 0.246003 0.0684891
0.00738601 0.000470353 -1.57201 0.247065 0.246003 0.0684891
0.00738601 0.000470353 -1.57201 0.247065 0.246003 0.0684891
0.00914319 0.0021884 -1.57363 0.247065 0.246003 0.0684891
0.00741544 0.00149218 -1.57315 0.247065 0.246003 0.0684891
0.00719706 0.000110826 -1.57172 0.247065 0.246003 0.0684891
0.00635927 0.000688549 -1.57298 0.247065 0.246003 0.0684891
0.00775998 -0.000811423 -1.57237 0.247065 0.246003 0.0684891
0.00775998 -0.000811423 -1.57237 0.247065 0.246003 0.0684891
0.00775998 -0.000811423 -1.57237 0.247065 0.246003 0.0684891
0.00822182 -0.00188563 -1.5721 0.247065 0.246003 0.0684891
0.00592346 -0.00106719 -1.57185 0.247065 0.246003 0.0684891
0.00763274 -0.00103801 -1.57204 0.247065 0.246003 0.0684891
0.00763274 -0.00103801 -1.57204 0.247065 0.246003 0.0684891
0.00899481 0.000621732 -1.57314 0.247065 0.246003 0.0684891
0.00899481 0.000621732 -1.57314 0.247065 0.246003 0.0684891
0.00659339 -0.00175732 -1.57104 0.247065 0.246003 0.0684891
0.00825863 -0.000835996 -1.57232 0.247065 0.246003 0.0684891
0.00680066 -0.00170863 -1.57118 0.247065 0.246003 0.0684891
0.00614779 -0.000766448 -1.57225 0.247065 0.246003 0.0684891
0.00721175 -0.00243768 -1.57138 0.247065 0.246003 0.0684891
0.00788677 -0.00175553 -1.57218 0.247065 0.246003 0.0684891
0.00642903 -0.00300301 -1.57084 0.247065 0.246003 0.0684891
0.00728667 -0.00186401 -1.5714 0.247065 0.246003 0.0684891
0.00783219 -0.00234327 -1.57132 0.247065 0.246003 0.0684891
0.00788176 -0.00247958 -1.57078 0.247065 0.246003 0.0684891
0.00867847 -0.00399655 -1.56945 0.247065 0.246003 0.0684891
0.00812253 -0.00195624 -1.57239 0.247065 0.246003 0.0684891
0.00715703 -0.00144939 -1.57167 0.247065 0.246003 0.0684891
0.00790748 -0.00265744 -1.57135 0.247065 0.246003 0.0684891
0.00873424 -0.000895713 -1.57234 0.247065 0.246003 0.0684891
0.00783499 -0.00307201 -1.57131 0.247065 0.246003 0.0684891
0.00783499 -0.00307201 -1.57131 0.247065 0.246003 0.0684891
0.00883752 -0.0013751 -1.57213 0.247065 0.246003 0.0684891
0.00719747 -0.000889386 -1.57194 0.247065 0.246003 0.0684891
0.00911412 -0.000630779 -1.57202 0.247065 0.246003 0.0684891
0.00685891 -0.00242884 -1.57113 0.247065 0.246003 0.0684891
0.00724311 -0.00181187 -1.57149 0.247065 0.246003 0.0684891
0.00906584 -0.00085344 -1.57224 0.247065 0.246003 0.0684891
0.00906584 -0.00085344 -1.57224 0.247065 0.246003 0.0684891
0.00815882 -0.00287252 -1.57058 0.247065 0.246003 0.0684891
0.00941214 -0.00123333 -1.57229 0.247065 0.246003 0.0684891
0.00827131 -0.00340742 -1.57035 0.247065 0.246003 0.0684891
0.00829952 -0.00272604 -1.57138 0.247065 0.246003 0.0684891
0.00810921 -0.00158911 -1.57166 0.247065 0.246003 0.0684891
0.0101819 -0.00213575 -1.57201 0.247065 0.246003 0.0684891
0.00878454 -0.00269755 -1.57103 0.247065 0.246003 0.0684891
0.00845698 -0.00184265 -1.57176 0.247065 0.246003 0.0684891
0.00845698 -0.00184265 -1.57176 0.247065 0.246003 0.0684891
0.00877521 -0.00223724 -1.57178 0.247065 0.246003 0.0684891
0.00871419 -0.00147892 -1.57178 0.247065 0.246003 0.0684891
0.00994928 -0.000809954 -1.57276 0.247065 0.246003 0.0684891
0.00994928 -0.000809954 -1.57276 0.247065 0.246003 0.0684891
0.00819744 -0.000655768 -1.57157 0.247065 0.246003 0.0684891
0.00768936 -0.00257684 -1.57121 0.247065 0.246003 0.0684891
0.00817026 -0.00162597 -1.57156 0.247065 0.246003 0.0684891
0.0102684 -0.00273204 -1.5718 0.247065 0.246003 0.0684891
0.00793751 -0.00325221 -1.57116 0.247065 0.246003 0.0684891
0.0102631 -0.00261796 -1.57173 0.247065 0.246003 0.0684891
0.00958693 -0.00223646 -1.57174 0.247065 0.246003 0.0684891
0.00814139 -0.0012531 -1.57203 0.247065 0.246003 0.0684891
0.0104873 -0.000678942 -1.57272 0.247065 0.246003 0.0684891
0.0104873 -0.000678942 -1.57272 0.247065 0.246003 0.0684891
0.00904805 0.001196 -1.57282 0.247065 0.246003 0.0684891
0.00904805 0.001196 -1.57282 0.247065 0.246003 0.0684891
0.00904805 0.001196 -1.57282 0.247065 0.246003 0.0684891
0.00820399 -0.000482458 -1.57117 0.247065 0.246003 0.0684891
0.00950471 -0.000473585 -1.57172 0.247065 0.246003 0.0684891
0.00971115 0.000294631 -1.5725 0.247065 0.246003 0.0684891
0.00970381 0.000296894 -1.57249 0.247065 0.246003 0.0684891
0.00970381 0.000296894 -1.57249 0.247065 0.246003 0.0684891
-0.130938 -0.917229 0.0176011 0.0097978 0.00971604 0.00990587
-0.128813 -0.919033 0.0187781 0.0097978 0.00971604 0.00990587
-0.129397 -0.919456 0.0180681 0.0097978 0.00971604 0.00990587
-0.128159 -0.919141 0.0200554 0.0097978 0.00971604 0.00990587
-0.128159 -0.919141 0.0200554 0.0097978 0.00971604 0.00990587
-0.129582 -0.919678 0.0178616 0.0097978 0.00971604 0.00990587
-0.129582 -0.919678 0.0178616 0.0097978 0.00971604 0.00990587
-0.129474 -0.918759 0.017946 0.0097978 0.00971604 0.00990587
-0.129516 -0.918929 0.0181114 0.0097978 0.00971604 0.00990587
-0.129516 -0.918929 0.0181114 0.0097978 0.00971604 0.00990587
-0.12805 -0.919928 0.0184283 0.0097978 0.00971604 0.00990587
-0.12805 -0.919928 0.0184283 0.0097978 0.00971604 0.00990587
-0.12805 -0.919928 0.0184283 0.0097978 0.00971604 0.00990587
-0.12805 -0.919928 0.0184283 0.0097978 0.00971604 0.00990587
-0.128574 -0.920411 0.0187093 0.0097978 0.00971604 0.00990587
-0.128598 -0.919399 0.0180855 0.0097978 0.00971604 0.00990587
-0.128598 -0.919399 0.0180855 0.0097978 0.00971604 0.00990587
-0.128598 -0.919399 0.0180855 0.0097978 0.00971604 0.00990587
-0.128598 -0.919399 0.0180855 0.0097978 0.00971604 0.00990587
-0.128598 -0.919399 0.0180855 0.0097978 0.00971604 0.00990587
-0.128256 -0.91994 0.0185183 0.0097978 0.00971604 0.00990587
-0.128256 -0.91994 0.0185183 0.0097978 0.00971604 0.00990587
-0.12836 -0.917944 0.0180514 0.0097978 0.00971604 0.00990587
-0.127183 -0.919143 0.0187066 0.0097978 0.00971604 0.00990587
-0.128094 -0.920455 0.0187575 0.0097978 0.00971604 0.00990587
-0.125597 -0.918453 0.0192616 0.0097978 0.00971604 0.00990587
-0.127083 -0.919687 0.0186804 0.0097978 0.00971604 0.00990587
-0.12703 -0.918145 0.0187297 0.0097978 0.00971604 0.00990587
-0.12703 -0.918145 0.0187297 0.0097978 0.00971604 0.00990587
-0.130212 -0.918588 0.0166741 0.0097978 0.00971604 0.00990587
-0.127755 -0.919708 0.0186364 0.0097978 0.00971604 0.00990587
-0.127225 -0.920104 0.0189376 0.0097978 0.00971604 0.00990587
-0.127225 -0.920104 0.0189376 0.0097978 0.00971604 0.00990587
-0.128488 -0.919808 0.0186109 0.0097978 0.00971604 0.00990587
-0.128488 -0.919808 0.0186109 0.0097978 0.00971604 0.00990587
-0.127389 -0.917656 0.0186177 0.0097978 0.00971604 0.00990587
-0.128917 -0.918032 0.0174968 0.0097978 0.00971604 0.00990587
-0.128917 -0.918032 0.0174968 0.0097978 0.00971604 0.00990587
-0.128499 -0.921401 0.0183703 0.0097978 0.00971604 0.00990587
-0.128499 -0.921401 0.0183703 0.0097978 0.00971604 0.00990587
-0.127282 -0.919807 0.0186361 0.0097978 0.00971604 0.00990587
-0.127282 -0.919807 0.0186361 0.0097978 0.00971604 0.00990587
-0.129536 -0.918972 0.0184335 0.0097978 0.00971604 0.00990587
-0.131027 -0.919221 0.0171915 0.0097978 0.00971604 0.00990587
-0.130264 -0.917568 0.017285 0.0097978 0.00971604 0.00990587
-0.129581 -0.919382 0.0181383 0.0097978 0.00971604 0.00990587
-0.129581 -0.919382 0.0181383 0.0097978 0.00971604 0.00990587
-0.130781 -0.918855 0.0168266 0.0097978 0.00971604 0.00990587
-0.129818 -0.918371 0.0174212 0.0097978 0.00971604 0.00990587
-0.128034 -0.918474 0.0197969 0.0097978 0.00971604 0.00990587
-0.12848 -0.919158 0.0183812 0.0097978 0.00971604 0.00990587
-0.127328 -0.91874 0.0196233 0.0097978 0.00971604 0.00990587
-0.12808 -0.919237 0.018661 0.0097978 0.00971604 0.00990587
-0.12764 -0.918068 0.0187194 0.0097978 0.00971604 0.00990587
-0.128726 -0.918714 0.0180986 0.0097978 0.00971604 0.00990587
-0.127791 -0.920284 0.0188578 0.0097978 0.00971604 0.00990587
-0.128098 -0.921151 0.0187619 0.0097978 0.00971604 0.00990587
-0.128181 -0.920778 0.0185074 0.0097978 0.00971604 0.00990587
-0.128116 -0.920475 0.0190287 0.0097978 0.00971604 0.00990587
-0.127247 -0.918841 0.0187464 0.0097978 0.00971604 0.00990587
-0.127247 -0.918841 0.0187464 0.0097978 0.00971604 0.00990587
-0.129671 -0.920741 0.0182007 0.0097978 0.00971604 0.00990587
-0.128181 -0.920055 0.0182375 0.0097978 0.00971604 0.00990587
-0.127071 -0.920729 0.0185175 0.0097978 0.00971604 0.00990587
-0.130337 -0.921758 0.0173191 0.0097978 0.00971604 0.00990587
-0.12927 -0.92217 0.0177973 0.0097978 0.00971604 0.00990587
-0.128605 -0.921197 0.0178253 0.0097978 0.00971604 0.00990587
-0.13057 -0.922457 0.0172463 0.0097978 0.00971604 0.00990587
-0.13057 -0.922457 0.0172463 0.0097978 0.00971604 0.00990587
-0.128149 -0.922113 0.0179831 0.0097978 0.00971604 0.00990587
-0.128149 -0.922113 0.0179831 0.0097978 0.00971604 0.00990587
-0.128664 -0.921665 0.0173866 0.0097978 0.00971604 0.00990587
-0.128069 -0.919255 0.0174515 0.0097978 0.00971604 0.00990587
-0.127558 -0.920592 0.0185182 0.0097978 0.00971604 0.00990587
-0.128854 -0.92063 0.0177514 0.0097978 0.00971604 0.00990587
-0.127889 -0.921781 0.0183751 0.0097978 0.00971604 0.00990587
-0.127889 -0.921781 0.0183751 0.0097978 0.00971604 0.00990587
-0.12763 -0.920967 0.018322 0.0097978 0.00971604 0.00990587
-0.128378 -0.922051 0.0178226 0.0097978 0.00971604 0.00990587
-0.128516 -0.921236 0.0183093 0.0097978 0.00971604 0.00990587
-0.127929 -0.921563 0.0184096 0.0097978 0.00971604 0.00990587
-0.127856 -0.921878 0.0186001 0.0097978 0.00971604 0.00990587
-0.12825 -0.91996 0.0178651 0.0097978 0.00971604 0.00990587
-0.127325 -0.919626 0.0184143 0.0097978 0.00971604 0.00990587
-0.127575 -0.920066 0.018306 0.0097978 0.00971604 0.00990587
-0.129004 -0.920346 0.0174567 0.0097978 0.00971604 0.00990587
-0.127881 -0.920649 0.0187376 0.0097978 0.00971604 0.00990587
-0.129338 -0.918708 0.0178598 0.0097978 0.00971604 0.00990587
-0.130394 -0.919433 0.0173775 0.0097978 0.00971604 0.00990587
-0.130739 -0.918807 0.0169481 0.0097978 0.00971604 0.00990587
-0.130739 -0.918807 0.0169481 0.0097978 0.00971604 0.00990587
-0.131335 -0.920282 0.0174044 0.0097978 0.00971604 0.00990587
-0.130859 -0.9178 0.0168953 0.0097978 0.00971604 0.00990587
-0.129045 -0.919782 0.0179828 0.0097978 0.00971604 0.00990587
-0.129045 -0.919782 0.0179828 0.0097978 0.00971604 0.00990587
-0.129018 -0.921061 0.0189634 0.0097978 0.00971604 0.00990587
-0.129558 -0.920348 0.0179434 0.0097978 0.00971604 0.00990587
-0.128322 -0.921436 0.0184942 0.0097978 0.00971604 0.00990587
-0.128529 -0.920854 0.018744 0.0097978 0.00971604 0.00990587
-0.130234 -0.919203 0.0172625 0.0097978 0.00971604 0.00990587
-0.129164 -0.918608 0.0177997 0.0097978 0.00971604 0.00990587
-0.130456 -0.920225 0.0170103 0.0097978 0.00971604 0.00990587
-0.127985 -0.920305 0.0177514 0.0097978 0.00971604 0.00990587
-0.127985 -0.920305 0.0177514 0.0097978 0.00971604 0.00990587
-0.129166 -0.922245 0.0178664 0.0097978 0.00971604 0.00990587
-0.129055 -0.920976 0.0181695 0.0097978 0.00971604 0.00990587
-0.130687 -0.919924 0.016882 0.0097978 0.00971604 0.00990587
-0.127196 -0.921634 0.018704 0.0097978 0.00971604 0.00990587
-0.128437 -0.921869 0.0180305 0.0097978 0.00971604 0.00990587
-0.126647 -0.921322 0.018803 0.0097978 0.00971604 0.00990587
-0.129067 -0.920664 0.0180667 0.0097978 0.00971604 0.00990587
-0.127343 -0.923291 0.0186819 0.0097978 0.00971604 0.00990587
-0.127803 -0.922005 0.0183448 0.0097978 0.00971604 0.00990587
-0.127602 -0.923103 0.0187398 0.0097978 0.00971604 0.00990587
-0.127408 -0.922498 0.0182102 0.0097978 0.00971604 0.00990587
-0.127951 -0.922623 0.0180364 0.0097978 0.00971604 0.00990587
-0.127034 -0.922054 0.0188139 0.0097978 0.00971604 0.00990587
-0.127646 -0.921251 0.0179848 0.0097978 0.00971604 0.00990587
-0.131825 -0.915928 0.0283826 0.0097978 0.00971604 0.00990587
-0.130343 -0.897865 0.0387246 0.0097978 0.00971604 0.00990587
-0.136214 -0.836824 0.0617743 0.0097978 0.00971604 0.00990587
-0.133068 -0.809397 0.0751754 0.0097978 0.00971604 0.00990587
-0.145157 -0.701171 0.108515 0.0097978 0.00971604 0.00990587
-0.145157 -0.701171 0.108515 0.0097978 0.00971604 0.00990587
-0.145157 -0.701171 0.108515 0.0097978 0.00971604 0.00990587
-0.166921 -0.509221 0.159531 0.154113 0.0558708 0.0261021
-0.166921 -0.509221 0.159531 0.154113 0.0558708 0.0261021
-0.182179 -0.433074 0.173619 0.154113 0.0558708 0.0261021
-0.182179 -0.433074 0.173619 0.154113 0.0558708 0.0261021
-0.214673 -0.265815 0.193723 0.154113 0.0558708 0.0261021
-0.214673 -0.265815 0.193723 0.154113 0.0558708 0.0261021
-0.276735 -0.0404949 0.258194 0.0385102 0.0213477 0.0126532
-0.276735 -0.0404949 0.258194 0.0385102 0.0213477 0.0126532
-0.276735 -0.0404949 0.258194 0.0385102 0.0213477 0.0126532
-0.276735 -0.0404949 0.258194 0.0385102 0.0213477 0.0126532
-0.276735 -0.0404949 0.258194 0.0385102 0.0213477 0.0126532
-0.276735 -0.0404949 0.258194 0.0385102 0.0213477 0.0126532
-0.334653 0.138036 0.328705 0.0385102 0.0213477 0.0126532
-0.378316 0.234464 0.37712 0.00447634 0.0066714 0.00404067
-0.378316 0.234464 0.37712 0.00447634 0.0066714 0.00404067
-0.423138 0.328876 0.421459 0.00447634 0.0066714 0.00404067
-0.490375 0.449796 0.477508 0.00447634 0.0066714 0.00404067
-0.530503 0.529966 0.486565 0.00447634 0.0066714 0.00404067
-0.5603 0.575652 0.493159 0.00447634 0.0066714 0.00404067
-0.5603 0.575652 0.493159 0.00447634 0.0066714 0.00404067
-0.613737 0.655182 0.48191 0.00425259 0.00770065 0.00401752
-0.635222 0.702227 0.42215 0.00425259 0.00770065 0.00401752
-0.65718 0.75543 0.328711 0.00425259 0.00770065 0.00401752
-0.67176 0.814346 0.212013 0.00425259 0.00770065 0.00401752
-0.684554 0.873442 0.0770846 0.00425259 0.00770065 0.00401752
-0.687766 0.931738 -0.0676776 0.00425259 0.00770065 0.00401752
-0.690642 0.991271 -0.219792 0.00425259 0.00770065 0.00401752
-0.681611 1.02116 -0.300663 0.00425259 0.00770065 0.00401752
-0.679612 1.05594 -0.382374 0.00551152 0.0101673 0.00563884
-0.625401 1.15154 -0.675404 0.00551152 0.0101673 0.00563884
-0.578637 1.19739 -0.79727 0.00551152 0.0101673 0.00563884
-0.578637 1.19739 -0.79727 0.00551152 0.0101673 0.00563884
-0.505543 1.2583 -0.962496 0.00551152 0.0101673 0.00563884
-0.505543 1.2583 -0.962496 0.00551152 0.0101673 0.00563884
-0.401958 1.31273 -1.12051 0.00551152 0.0101673 0.00563884
-0.379906 1.32664 -1.15403 0.00551152 0.0101673 0.00563884
-0.379906 1.32664 -1.15403 0.00551152 0.0101673 0.00563884
-0.258398 1.36744 -1.30217 0.00916924 0.00816 0.00691488
-0.235698 1.37418 -1.327 0.00916924 0.00816 0.00691488
-0.178153 1.38629 -1.38654 0.00916924 0.00816 0.00691488
-0.142832 1.39581 -1.41489 0.00916924 0.00816 0.00691488
-0.12221 1.39711 -1.42952 0.00916924 0.00816 0.00691488
-0.065721 1.4049 -1.45748 0.00916924 0.00816 0.00691488
-0.0377728 1.40718 -1.47151 0.00916924 0.00816 0.00691488
-0.00130168 1.41315 -1.49138 0.00916924 0.00816 0.00691488
0.0274808 1.41602 -1.50588 0.00916924 0.00816 0.00691488
0.0447763 1.41544 -1.51469 0.00916924 0.00816 0.00691488
0.0447763 1.41544 -1.51469 0.00916924 0.00816 0.00691488
0.120423 1.43082 -1.55968 0.00896079 0.00612822 0.00575806
0.142785 1.42967 -1.57301 0.00896079 0.00612822 0.00575806
0.179627 1.42609 -1.58659 0.00896079 0.00612822 0.00575806
0.205574 1.43078 -1.59966 0.00896079 0.00612822 0.00575806
0.214299 1.42967 -1.60406 0.00896079 0.00612822 0.00575806
0.247926 1.42592 -1.62069 0.00896079 0.00612822 0.00575806
0.272076 1.42479 -1.63157 0.00896079 0.00612822 0.00575806
0.291207 1.42066 -1.64095 0.00896079 0.00612822 0.00575806
0.291207 1.42066 -1.64095 0.00896079 0.00612822 0.00575806
0.341667 1.4192 -1.65253 0.00896079 0.00612822 0.00575806
0.354681 1.42101 -1.65506 0.00896079 0.00612822 0.00575806
0.374462 1.42065 -1.65915 0.00896079 0.00612822 0.00575806
0.394335 1.41837 -1.65864 0.00896079 0.00612822 0.00575806
0.412678 1.41607 -1.66019 0.00896079 0.00612822 0.00575806
0.436499 1.41525 -1.66293 0.00896079 0.00612822 0.00575806
0.450244 1.41373 -1.66252 0.00896079 0.00612822 0.00575806
0.460238 1.41284 -1.66358 0.00896079 0.00612822 0.00575806
0.468242 1.41006 -1.6646 0.00896079 0.00612822 0.00575806
0.490866 1.40466 -1.66532 0.0069538 0.0055043 0.00409898
0.515999 1.40135 -1.66463 0.0069538 0.0055043 0.00409898
0.546281 1.40222 -1.65944 0.0069538 0.0055043 0.00409898
0.553072 1.40187 -1.65749 0.0069538 0.0055043 0.00409898
0.579033 1.40122 -1.65154 0.0069538 0.0055043 0.00409898
0.592112 1.40175 -1.64714 0.0069538 0.0055043 0.00409898
0.605515 1.40048 -1.64424 0.0069538 0.0055043 0.00409898
0.610409 1.40314 -1.64539 0.0069538 0.0055043 0.00409898
0.624071 1.40029 -1.63955 0.0069538 0.0055043 0.00409898
0.643766 1.4 -1.63417 0.0069538 0.0055043 0.00409898
0.651545 1.39908 -1.63143 0.0069538 0.0055043 0.00409898
0.651545 1.39908 -1.63143 0.0069538 0.0055043 0.00409898
0.793749 1.3952 -1.62652 0.0069538 0.0055043 0.00409898
0.793749 1.3952 -1.62652 0.0069538 0.0055043 0.00409898
0.859364 1.39402 -1.63448 0.0069538 0.0055043 0.00409898
0.983782 1.39012 -1.65365 0.00610551 0.00539181 0.0034396
1.10815 1.37652 -1.66978 0.00610551 0.00539181 0.0034396
1.10815 1.37652 -1.66978 0.00610551 0.00539181 0.0034396
1.20075 1.36334 -1.67813 0.00610551 0.00539181 0.0034396
1.27094 1.35411 -1.69761 0.00610551 0.00539181 0.0034396
1.30809 1.35064 -1.71193 0.00610551 0.00539181 0.0034396
1.37634 1.34123 -1.75994 0.00610551 0.00539181 0.0034396
1.51746 1.29504 -1.89848 0.00460682 0.00463768 0.0022415
1.5459 1.28876 -1.92994 0.00460682 0.00463768 0.0022415
1.59269 1.26612 -1.98784 0.00460682 0.00463768 0.0022415
1.65389 1.23071 -2.06237 0.00460682 0.00463768 0.0022415
1.70296 1.19792 -2.11258 0.00460682 0.00463768 0.0022415
1.73919 1.17769 -2.14075 0.00460682 0.00463768 0.0022415
1.76975 1.15669 -2.15368 0.00460682 0.00463768 0.0022415
1.76975 1.15669 -2.15368 0.00460682 0.00463768 0.0022415
1.79111 1.13564 -2.16794 0.00460682 0.00463768 0.0022415
1.87087 1.08286 -2.20443 0.00397084 0.00410719 0.00246693
1.9049 1.05406 -2.21952 0.00397084 0.00410719 0.00246693
1.94332 1.03225 -2.23486 0.00397084 0.00410719 0.00246693
1.95167 1.02435 -2.23922 0.00397084 0.00410719 0.00246693
1.97204 1.00469 -2.24172 0.00397084 0.00410719 0.00246693
2.00273 0.978516 -2.24943 0.00397084 0.00410719 0.00246693
2.02899 0.954041 -2.25352 0.00397084 0.00410719 0.00246693
2.03707 0.945928 -2.25293 0.00397084 0.00410719 0.00246693
2.0561 0.919836 -2.25108 0.00397084 0.00410719 0.00246693
2.07432 0.893926 -2.24864 0.00397084 0.00410719 0.00246693
2.08852 0.889825 -2.24961 0.00397084 0.00410719 0.00246693
2.12415 0.865661 -2.24866 0.00397084 0.00410719 0.00246693
2.13793 0.855095 -2.24625 0.00397084 0.00410719 0.00246693
2.15047 0.840907 -2.2428 0.00397084 0.00410719 0.00246693
2.17187 0.836243 -2.23634 0.00397084 0.00410719 0.00246693
2.185 0.824106 -2.23002 0.00397084 0.00410719 0.00246693
2.2154 0.80659 -2.2207 0.00397084 0.00410719 0.00246693
2.22896 0.79711 -2.21432 0.00397084 0.00410719 0.00246693
2.23806 0.797886 -2.21417 0.00397084 0.00410719 0.00246693
2.26659 0.782505 -2.19804 0.00409896 0.00377617 0.00222567
2.28049 0.75057 -2.178 0.00409896 0.00377617 0.00222567
2.29586 0.734308 -2.16681 0.00409896 0.00377617 0.00222567
2.30847 0.73593 -2.16324 0.00409896 0.00377617 0.00222567
2.32801 0.723525 -2.14696 0.00409896 0.00377617 0.00222567
2.32801 0.723525 -2.14696 0.00409896 0.00377617 0.00222567
2.34928 0.708263 -2.13025 0.00409896 0.00377617 0.00222567
2.36515 0.702591 -2.1179 0.00409896 0.00377617 0.00222567
2.37884 0.694326 -2.10447 0.00409896 0.00377617 0.00222567
2.39539 0.68736 -2.03183 0.00409896 0.00377617 0.00222567
2.39539 0.68736 -2.03183 0.00409896 0.00377617 0.00222567
2.4052 0.683336 -1.96151 0.00409896 0.00377617 0.00222567
2.41154 0.684405 -1.93968 0.00409896 0.00377617 0.00222567
2.4201 0.68054 -1.84325 0.00409896 0.00377617 0.00222567
2.42339 0.677846 -1.78849 0.00409896 0.00377617 0.00222567
2.43338 0.677362 -1.73109 0.00409896 0.00377617 0.00222567
2.44088 0.678438 -1.67854 0.00409896 0.00377617 0.00222567
2.45168 0.678792 -1.60723 0.00409896 0.00377617 0.00222567
2.45786 0.679937 -1.56596 0.00409896 0.00377617 0.00222567
2.45713 0.676776 -1.54271 0.00409896 0.00377617 0.00222567
2.4662 0.680618 -1.49497 0.00409896 0.00377617 0.00222567
2.47189 0.681852 -1.46826 0.00409896 0.00377617 0.00222567
2.47229 0.67889 -1.45462 0.00409896 0.00377617 0.00222567
2.47502 0.681889 -1.43769 0.00409896 0.00377617 0.00222567
2.47876 0.682621 -1.41816 0.00409896 0.00377617 0.00222567
2.48772 0.68692 -1.3654 0.00409896 0.00377617 0.00222567
2.49223 0.689387 -1.33807 0.00409896 0.00377617 0.00222567
2.49607 0.689635 -1.31605 0.00409896 0.00377617 0.00222567
2.49704 0.690842 -1.30711 0.00409896 0.00377617 0.00222567
2.49681 0.69107 -1.29977 0.00409896 0.00377617 0.00222567
2.49905 0.692575 -1.28302 0.00409896 0.00377617 0.00222567
2.50255 0.692204 -1.28116 0.00409896 0.00377617 0.00222567
2.51025 0.696746 -1.28143 0.00409896 0.00377617 0.00222567
2.51461 0.698019 -1.27553 0.00409896 0.00377617 0.00222567
2.51847 0.700467 -1.27104 0.00409896 0.00377617 0.00222567
2.53108 0.705854 -1.24241 0.00409896 0.00377617 0.00222567
2.54017 0.705623 -1.20436 0.00409896 0.00377617 0.00222567
2.5405 0.702664 -1.19983 0.00409896 0.00377617 0.00222567
2.54891 0.708274 -1.17689 0.00409896 0.00377617 0.00222567
2.55126 0.709468 -1.15109 0.00409896 0.00377617 0.00222567
2.56112 0.708471 -1.12541 0.0072836 0.00362813 0.0048313
2.56728 0.708906 -1.10248 0.0072836 0.00362813 0.0048313
2.56931 0.711697 -1.07238 0.0072836 0.00362813 0.0048313
2.57251 0.710712 -1.067 0.0072836 0.00362813 0.0048313
2.57526 0.713263 -1.06297 0.0072836 0.00362813 0.0048313
2.57513 0.715927 -1.05726 0.0072836 0.00362813 0.0048313
2.57832 0.715978 -1.05076 0.0072836 0.00362813 0.0048313
2.57784 0.714951 -1.04757 0.0072836 0.00362813 0.0048313
2.5772 0.716851 -1.04808 0.0072836 0.00362813 0.0048313
2.57749 0.71675 -1.04633 0.0072836 0.00362813 0.0048313
2.58086 0.717581 -1.04524 0.0072836 0.00362813 0.0048313
2.57816 0.718249 -1.04602 0.0072836 0.00362813 0.0048313
2.57991 0.716916 -1.04594 0.0072836 0.00362813 0.0048313
2.57909 0.718146 -1.0457 0.0072836 0.00362813 0.0048313
2.57924 0.717875 -1.04559 0.0072836 0.00362813 0.0048313
2.58183 0.717843 -1.04493 0.0072836 0.00362813 0.0048313
2.5777 0.716925 -1.04405 0.0072836 0.00362813 0.0048313
2.57873 0.717349 -1.04442 0.0072836 0.00362813 0.0048313
2.5757 0.716527 -1.04525 0.0072836 0.00362813 0.0048313
2.57805 0.718593 -1.04519 0.0072836 0.00362813 0.0048313
2.57805 0.718593 -1.04519 0.0072836 0.00362813 0.0048313
2.58 0.718735 -1.04584 0.0072836 0.00362813 0.0048313
2.57833 0.717236 -1.04416 0.0072836 0.00362813 0.0048313
2.57838 0.717094 -1.04447 0.0072836 0.00362813 0.0048313
2.57901 0.719198 -1.04578 0.0072836 0.00362813 0.0048313
2.58257 0.718965 -1.04445 0.0072836 0.00362813 0.0048313
2.58257 0.718965 -1.04445 0.0072836 0.00362813 0.0048313
2.58178 0.71754 -1.04316 0.0072836 0.00362813 0.0048313
2.5822 0.720774 -1.04577 0.0072836 0.00362813 0.0048313
2.57982 0.718474 -1.04436 0.0072836 0.00362813 0.0048313
2.57982 0.718474 -1.04436 0.0072836 0.00362813 0.0048313
2.58163 0.720241 -1.04621 0.0072836 0.00362813 0.0048313
2.58163 0.720241 -1.04621 0.0072836 0.00362813 0.0048313
2.58171 0.720555 -1.04576 0.0072836 0.00362813 0.0048313
2.57882 0.718171 -1.0436 0.0072836 0.00362813 0.0048313
2.5806 0.719232 -1.04425 0.0072836 0.00362813 0.0048313
2.58149 0.718208 -1.04312 0.0072836 0.00362813 0.0048313
2.58131 0.718362 -1.04291 0.0072836 0.00362813 0.0048313
2.58205 0.718657 -1.04388 0.0072836 0.00362813 0.0048313
2.57761 0.717136 -1.04282 0.0072836 0.00362813 0.0048313
2.57933 0.716714 -1.04171 0.0072836 0.00362813 0.0048313
2.58082 0.717868 -1.04271 0.0072836 0.00362813 0.0048313
2.57873 0.718207 -1.04295 0.0072836 0.00362813 0.0048313
2.58055 0.718685 -1.044 0.0072836 0.00362813 0.0048313
2.57942 0.718753 -1.04453 0.0072836 0.00362813 0.0048313
2.57882 0.717623 -1.04204 0.0072836 0.00362813 0.0048313
2.5806 0.717135 -1.04157 0.0072836 0.00362813 0.0048313
2.5798 0.717728 -1.04331 0.0072836 0.00362813 0.0048313
2.5798 0.717728 -1.04331 0.0072836 0.00362813 0.0048313
2.5824 0.719203 -1.04431 0.0072836 0.00362813 0.0048313
2.57956 0.718448 -1.04311 0.0072836 0.00362813 0.0048313
2.57849 0.718124 -1.04387 0.0072836 0.00362813 0.0048313
2.58117 0.718152 -1.0428 0.0072836 0.00362813 0.0048313
2.58236 0.720751 -1.0453 0.0072836 0.00362813 0.0048313
2.57989 0.718571 -1.04324 0.0072836 0.00362813 0.0048313
2.57932 0.717808 -1.04245 0.0072836 0.00362813 0.0048313
2.58035 0.719603 -1.04398 0.0072836 0.00362813 0.0048313
2.57942 0.718859 -1.0431 0.0072836 0.00362813 0.0048313
2.58057 0.717817 -1.04343 0.0072836 0.00362813 0.0048313
2.58057 0.717817 -1.04343 0.0072836 0.00362813 0.0048313
2.57983 0.718155 -1.04264 0.0072836 0.00362813 0.0048313
2.58037 0.718345 -1.04388 0.0072836 0.00362813 0.0048313
2.57933 0.720821 -1.0453 0.0072836 0.00362813 0.0048313
2.58297 0.719845 -1.0447 0.0072836 0.00362813 0.0048313
2.5802 0.722679 -1.04765 0.0072836 0.00362813 0.0048313
2.58057 0.719952 -1.04458 0.0072836 0.00362813 0.0048313
2.58061 0.718312 -1.04305 0.0072836 0.00362813 0.0048313
2.58154 0.715372 -1.04066 0.0072836 0.00362813 0.0048313
2.58261 0.72176 -1.04598 0.0072836 0.00362813 0.0048313
2.58261 0.72176 -1.04598 0.0072836 0.00362813 0.0048313
2.58205 0.72021 -1.04339 0.0072836 0.00362813 0.0048313
2.58265 0.718952 -1.04348 0.0072836 0.00362813 0.0048313
2.57968 0.719007 -1.04247 0.0072836 0.00362813 0.0048313
2.57955 0.721242 -1.04481 0.0072836 0.00362813 0.0048313
2.58226 0.719957 -1.0439 0.0072836 0.00362813 0.0048313
