20
-0.773988 2.66731 -0.72833 16940.3 0.073646 -0.154373 0.411885 0.182853 0.117694 -0.240936 0.288417 0.247154 0.0151568 0.043406 0.443132 0.174561 0.160627 0.182685 0.347042 0.378012 
-0.55344 2.63974 -0.427387 10631.9 -0.423158 -0.0345351 0.432261 0.0848559 0.0486952 -0.0477059 0.0597405 0.100051 -0.22918 -0.0790389 0.237841 0.432935 0.0198007 0.107032 0.0262324 0.540493 
-0.89698 2.56309 -0.517201 14533.1 -0.0185223 -0.185069 0.10548 0.357929 0.0628102 -0.13333 0.0726629 0.516719 -0.253336 0.112614 0.366122 0.126141 0.364929 0.101483 0.378353 0.130992 
-0.388662 2.41752 -0.166448 8178.62 -0.0650978 -0.270816 0.0652057 0.375697 0.103643 -0.0722643 0.336343 0.186529 0.126271 0.186747 0.227196 0.360456 0.10533 0.0662333 0.577935 0.171025 
0.27928 2.40028 -0.143742 19797.1 -0.0892573 -0.116114 0.268836 0.174907 0.0159829 -0.450754 0.0178771 0.453268 -0.353897 -0.00238269 0.372498 0.0313509 0.0545154 0.156167 0.379845 0.168503 
0.178517 2.3137 0.148764 17489.4 0.0672628 -0.354005 0.140718 0.441908 0.0166973 -0.0222471 0.259709 0.325042 -0.031843 0.329519 0.0401593 0.339158 0.0354267 0.0622664 0.377247 0.327882 
-0.263888 2.32938 0.461054 12733 -0.113137 0.0124479 0.51937 0.0271977 0.0967296 0.116817 0.255735 0.140454 0.119007 0.227788 0.434639 0.29715 0.0884291 0.254779 0.27231 0.340677 
0.163546 2.40451 -0.332048 11887.7 -0.145218 -0.27557 0.287587 0.305175 0.115981 -0.187276 0.268999 0.228452 -0.122504 0.133764 0.328531 0.25286 0.154741 0.0706125 0.54387 0.156562 
0.396297 2.3729 0.095528 38091.3 -0.051869 -0.247117 0.0631529 0.482448 0.081571 -0.0714513 0.268458 0.27633 -0.15001 0.117488 0.307938 0.338333 0.233678 0.0306619 0.485865 0.0457182 
0.410844 2.26489 -0.0100813 3400.77 -0.170609 -0.018837 0.613206 0.0351738 -0.00899001 -0.0135481 0.0561457 0.0619053 -0.0601117 0.115717 0.253572 0.344527 0.0450881 0.295011 0.0514556 0.540018 
0.551957 2.41501 -0.0234859 6714.25 -0.095703 -0.123522 0.116528 0.126901 -0.159252 -0.224168 0.179034 0.227365 0.0265411 0.224206 0.257882 0.305501 -0.208383 0.459859 0.243345 0.511452 
0.582058 2.02685 0.522152 5985.97 -0.131405 -0.394046 0.162124 0.50788 0.21448 -0.10301 0.224822 0.425451 0.0464044 0.0340396 0.26732 0.0715799 0.286618 0.0493026 0.286618 0.0647265 
5.26684 1.13004 0.807772 6861.62 0.0156113 -0.261853 0.116231 0.275768 0.0732902 -0.273264 0.0749479 0.287861 -0.0187404 0.398449 0.0987537 0.411409 0.0722366 0.390297 0.072923 0.409155 
-0.7816 2.67619 -0.383104 4004.34 -0.288118 0.0143541 0.293039 0.0282553 0.26596 0.0984817 0.292178 0.16254 -0.31883 0.00352095 0.325212 0.0184618 0.433384 0.143605 0.443559 0.15752 
0.133233 2.28274 0.588833 5246.35 0.00341562 -0.361943 0.17926 0.432662 0.00473278 -0.386599 0.0337392 0.417329 -0.0825019 0.0279006 0.559812 0.0285966 0.0200439 0.0279856 0.0200439 0.0385349 
0.329665 2.31684 0.582597 5040.3 -0.0284544 -0.261234 0.228524 0.427622 0.00629823 -0.334334 0.0328902 0.464673 -0.094155 0.0312058 0.590273 0.0500123 0.0160202 0.0376664 0.0160243 0.0657118 
-0.787486 2.6539 -0.502799 4763.82 -0.128238 -0.0716233 0.237855 0.121585 0.243613 -0.0657311 0.284174 0.254426 0.168024 0.11026 0.20499 0.438777 0.00662191 0.156594 0.136636 0.61419 
-0.329262 2.3315 0.276468 12460.8 -0.145597 -0.135955 0.26249 0.170217 0.420045 -0.0406966 0.455749 0.135876 0.0356397 0.142417 0.0723477 0.427842 0.150287 -0.000416468 0.366888 0.301875 
-0.56021 2.33183 0.279849 2442.56 -0.0235005 -0.165212 0.14592 0.25929 0.0707707 -0.209643 0.253512 0.333019 -0.00676738 0.163771 0.0267573 0.599334 -0.0182018 0.172095 0.0245388 0.491675 
0.708902 2.52854 0.438087 4345.34 -0.0426375 -0.0144756 0.375249 0.314198 -0.0104247 -0.02135 0.118054 0.423061 -0.149922 0.0538919 0.554244 0.0605949 0.119863 0.0324033 0.411358 0.209763 
0.558319 2.6617 -0.160403 4414.74 -0.0692546 -0.314827 0.282249 0.565575 -0.085403 -0.149513 0.183486 0.444226 -0.0784958 0.206606 0.290136 0.278357 -0.0607643 0.0788401 0.0910543 0.0835292 
0.38598 2.48553 -0.382685 2538.46 -0.40725 -0.00159541 0.535193 0.0236805 -0.0923931 -0.052668 0.175244 0.1003 -0.21983 -0.158346 0.427135 0.227372 -0.137125 0.13518 0.312064 0.209623 
-0.157171 2.69025 -0.504154 10825.2 0.0190215 -0.193102 0.109152 0.351217 -0.0246596 -0.209349 0.0789377 0.471592 -0.0239923 0.312926 0.253606 0.352337 0.0756049 0.302862 0.242728 0.332697 
0.711273 2.55875 0.266869 2090.9 -0.129479 -0.035118 0.401564 0.0961745 0.0714465 -0.0298609 0.452126 0.213347 -0.21771 0.0524966 0.534425 0.0737718 0.10076 -0.0452668 0.435158 0.0879441 
-0.186122 2.82127 -0.700238 12882.1 -0.0731586 -0.112793 0.39874 0.185637 0.0833647 -0.153034 0.540741 0.328642 -0.11438 0.122176 0.281907 0.159788 0.100417 0.111235 0.407177 0.190777 
0.146924 2.37731 0.56621 5424.99 -0.019075 -0.276297 0.132278 0.426262 0.00262873 -0.381032 0.00946008 0.392893 -0.128214 0.0202076 0.635502 0.0435081 0.00248484 -0.0165758 0.00959872 0.038055 
0.556084 2.50707 -0.322303 3571.61 -0.113846 0.0807171 0.431509 0.129031 -0.0391824 0.00282709 0.0849425 0.0358935 0.105293 0.0717997 0.675495 0.170441 -0.175127 0.220711 0.253455 0.34607 
-0.0993048 2.79104 -0.38708 4609.55 -0.0408234 -0.0581093 0.327137 0.155137 0.282772 -0.047091 0.434421 0.098083 -0.0399568 -0.0561683 0.211138 0.47084 0.162941 -0.223058 0.337071 0.34985 
-0.217507 2.50369 0.486395 2253.58 -0.0768739 0.00911196 0.147142 0.126804 0.129471 0.0535081 0.640819 0.0535081 -0.0104352 0.134686 0.306986 0.238918 0.158711 0.0782435 0.551118 0.13596 
0.023504 2.57172 -0.102656 6787.3 -0.0585475 0.0104867 0.0585475 0.0212574 0.362417 0.0447469 0.441714 0.0525975 -0.0264995 0.299843 0.191146 0.433337 0.235698 0.0237973 0.294282 0.451299 
0.915243 2.05861 0.210434 3073.45 -0.217155 0.0298874 0.228158 0.331847 0.191084 0.0237889 0.230997 0.362516 -0.345371 0.021976 0.345371 0.0390301 0.321767 -0.0525362 0.4594 0.0851264 
0.0467798 2.6149 -0.350539 7349.36 -0.191542 -0.217931 0.192713 0.220232 0.0501492 -0.16958 0.159813 0.418391 -0.142811 0.0862434 0.388528 0.262859 0.0353834 0.0441141 0.543121 0.22853 
0.157706 2.55602 0.320944 11035.4 -0.139769 -0.149802 0.38397 0.15535 0.21233 -0.113572 0.271093 0.199137 -0.239886 -0.101219 0.479662 0.128668 0.376632 -0.0142456 0.390127 0.0813763 
1.20375 2.09494 0.438399 4689.8 0.0998344 -0.479226 0.101876 0.479263 0.111554 -0.366702 0.115368 0.369558 0.0305929 0.235139 0.0583669 0.263913 0.0947057 0.122301 0.22589 0.138074 
0.10769 2.51151 -0.50633 24822.5 -0.0156829 -0.325538 0.0659469 0.414329 0.0420183 -0.194901 0.171048 0.334018 -0.0187334 0.237546 0.290234 0.249289 0.0574396 0.0442687 0.557266 0.126043 
0.373533 2.66967 -0.388774 4473.73 -0.233788 -0.0462915 0.41272 0.0922513 0.0660034 -0.0444233 0.476887 0.076825 -0.245419 -0.0922569 0.387842 0.19367 0.0624374 -0.0519758 0.456381 0.230487 
1.13994 2.03105 -0.324719 1650.22 -0.0738278 -0.454802 0.0820597 0.524557 0.153542 -0.179984 0.174419 0.296365 0.11594 0.254348 0.123197 0.374355 0.175697 0.106367 0.175747 0.134755 
0.979337 2.05653 0.167199 3639.77 -0.189652 0.00767054 0.221048 0.342489 0.155335 0.0174382 0.200929 0.436582 -0.284702 0.0292949 0.290313 0.0444577 0.326914 -0.0327147 0.512267 0.053857 
0.407957 2.63822 -0.142593 19167.1 -0.106604 -0.113742 0.296565 0.17407 0.00568666 -0.382283 0.0305337 0.509399 -0.319442 0.010665 0.337566 0.0432181 0.059164 0.172522 0.408034 0.181974 
0.780282 2.46448 -0.518353 6095.68 0.0635465 -0.183968 0.128797 0.247981 0.169834 -0.00486984 0.366832 0.133302 -0.139542 0.192883 0.49421 0.209392 0.325508 0.0326132 0.496674 0.0570335 
1.72283 2.27145 0.44523 4911.72 -0.166783 -0.105067 0.369864 0.19566 -0.00577321 -0.156716 0.247926 0.547531 -0.352662 -0.0501828 0.503507 0.0525402 0.0269148 -0.0839434 0.0279671 0.0857097 
0.659585 2.41183 -0.464575 3759.74 -0.289483 0.00657187 0.37959 0.238808 0.225895 -0.0271189 0.303716 0.207728 -0.126492 0.00270911 0.319063 0.338673 0.141009 0.0987766 0.485685 0.167616 
1.60545 2.24271 -0.155375 2159.99 0.0262619 0.0724468 0.251657 0.241564 0.0653002 -0.0106874 0.294649 0.028661 0.181187 -0.17417 0.547586 0.362455 -0.0992928 0.077582 0.338393 0.392485 
0.914282 1.97719 -0.306819 1507.74 -0.177161 0.00301398 0.431588 0.103021 0.192515 -0.276482 0.270828 0.583181 -0.178613 0.167006 0.231485 0.171766 0.0601009 0.17417 0.0786719 0.248086 
1.69439 2.25698 0.65136 6366.62 -0.434181 -0.0165896 0.52503 0.0361421 0.0545239 0.0186104 0.0968536 0.0828527 -0.311789 0.130049 0.430443 0.130262 0.0831896 0.117981 0.389165 0.119207 
0.654145 2.4004 -0.323428 2129.23 -0.170916 0.032924 0.187359 0.0620566 0.137367 0.0365877 0.161104 0.0409684 -0.397872 0.108984 0.48194 0.388154 0.260031 0.114632 0.36747 0.332266 
1.2911 2.03982 -0.233597 16308.2 -0.2075 -0.0194696 0.376978 0.081675 -0.0693587 -0.233198 0.231353 0.281018 -0.233651 0.0356046 0.280673 0.0791921 0.115146 0.168153 0.177136 0.633075 
1.09575 2.05612 0.336802 3915 0.0479546 -0.216568 0.0937988 0.617129 0.12477 -0.0175524 0.14812 0.238681 -0.0923798 0.376642 0.102526 0.376642 0.194482 0.208358 0.195777 0.208358 
1.87592 2.14292 -0.0670748 5691.47 -0.0920505 -0.321086 0.229589 0.443636 -0.054456 -0.409974 0.0881685 0.490874 -0.128208 0.0613353 0.350473 0.0875942 -0.00463795 0.0800283 0.116437 0.195293 
1.42331 2.11321 -0.364737 18009.5 -0.106918 -0.0747539 0.244356 0.410855 0.277517 0.0199136 0.285241 0.426329 -0.208074 0.0145081 0.211104 0.0167056 0.373407 0.0022566 0.418437 0.0861222 
1.84856 2.12792 0.334132 8475.58 -0.183239 -0.0180332 0.664254 0.0492227 0.000262796 -0.00022332 0.000942064 0.000831438 0.0226308 0.183091 0.389969 0.224562 -0.045812 0.343358 0.0513431 0.400444 
0.94968 2.03072 -0.323852 1651.64 -0.348735 -0.015183 0.348735 0.0485866 0.289387 -0.343266 0.319668 0.406904 -0.0810892 0.1252 0.120369 0.151104 0.0260299 0.329632 0.0688848 0.331921 
2.22911 2.15655 -0.0876229 5406.06 -0.0144254 -0.331767 0.0189012 0.555892 0.0771493 -0.136291 0.350305 0.273424 -0.00918245 0.0325836 0.0210857 0.0429681 0.301197 0.011342 0.512716 0.0339134 
2.15349 2.3304 0.121172 2972.72 -0.177091 -0.00846721 0.370448 0.0561626 0.320173 0.00830978 0.363761 0.034235 -0.0774398 0.0567172 0.170165 0.531619 0.139535 -0.0194773 0.166892 0.471185 
2.43793 2.41543 -0.165768 5548.77 -0.248157 -0.00534136 0.590579 0.104887 0.0885315 0.0283452 0.101834 0.45797 -0.164987 0.0686131 0.432046 0.118098 0.00699677 0.160012 0.0998028 0.27748 
2.34419 2.41082 -0.395352 7350.95 -0.138791 -0.121249 0.419892 0.311279 -0.106405 -0.245417 0.149094 0.318989 -0.330172 -0.0293598 0.593902 0.039908 0.0785399 0.0380137 0.106342 0.116014 
1.68442 2.17099 -0.428732 2704.77 -0.316219 -0.0152197 0.454425 0.205439 0.129675 0.113643 0.147681 0.346801 -0.321522 -0.0935684 0.508004 0.148362 0.202878 -0.00805164 0.20289 0.015316 
2.33494 2.33124 -0.029964 18157.6 -0.101984 -0.218913 0.152847 0.315829 0.0212095 -0.433566 0.0325725 0.434289 -0.158805 0.0113183 0.497454 0.13475 0.0618892 0.144294 0.0857333 0.342026 
2.61917 2.29172 0.478893 1945.91 -0.0385175 -0.0512741 0.3091 0.0830909 -0.0821435 -0.13061 0.494454 0.148354 -0.0828043 0.0142672 0.274864 0.0459144 -0.100785 0.0254294 0.701541 0.0621455 
-1.96783 -0.433694 0.0941349 1569.24 0.0169883 -0.275675 0.0471407 0.468105 -2.67116e-05 -0.371431 0.0224049 0.408891 0.0080032 0.141586 0.109907 0.319723 -0.004263 0.287868 0.061822 0.418596 
2.17206 2.5505 -0.312425 2053.74 -0.345121 0.0589995 0.414929 0.098615 0.237079 0.0455085 0.426372 0.0705268 -0.162613 0.2272 0.245233 0.289656 0.0874687 0.229784 0.210907 0.346797 
2.28706 1.91791 -0.0823591 12000.1 -0.0489869 0.00617093 0.0626982 0.0225252 0.327493 0.0805604 0.599393 0.186644 0.175759 0.21529 0.246399 0.244821 0.190657 0.0318235 0.402679 0.293646 
1.21939 2.07313 0.0713865 2754.63 -0.0776457 -0.241625 0.185462 0.320615 -0.114236 -0.22331 0.355429 0.26092 -0.0739896 0.242155 0.133631 0.278932 -0.157335 0.191875 0.46779 0.314029 
2.34713 1.96148 0.170595 9534.78 -0.223169 -0.0971071 0.242249 0.264122 -0.0332491 -0.161078 0.192291 0.444461 -0.270226 0.0101961 0.287535 0.303708 0.0360165 0.0878101 0.327035 0.431103 
3.49267 2.37491 0.748823 6004.04 0.244653 -0.321601 0.253183 0.380651 0.221156 -0.208107 0.261577 0.271717 0.106541 0.152321 0.134189 0.152321 0.363802 0.100688 0.382747 0.161357 
3.12647 2.36322 0.731368 2872.23 0.168009 -0.196034 0.208112 0.327264 -0.0308493 -0.107243 0.494144 0.372532 0.0257009 0.0814745 0.0782658 0.0875236 -0.0247001 0.0498927 0.590338 0.0663127 
2.21147 1.936 -0.293323 3970.45 -0.0197616 -0.0917923 0.0549987 0.107704 0.426197 0.0298935 0.434128 0.153208 0.00165861 -0.000238969 0.0175682 0.0150982 0.517793 0.0772241 0.547226 0.0863315 
1.32254 2.09985 -0.215999 4995.38 -0.355737 0.0110595 0.363072 0.0242562 0.245963 -0.248264 0.37294 0.401469 -0.384452 0.014428 0.384452 0.020227 -0.0120793 -0.040171 0.101122 0.098129 
1.51493 2.20716 -0.247886 27703.5 -0.0614322 -0.126567 0.248388 0.229446 0.188542 -0.099842 0.322044 0.285505 0.0148689 0.0504803 0.160421 0.542458 0.205005 0.216051 0.21559 0.420239 
1.59795 2.28981 -0.102428 6475.48 -0.061606 -0.116081 0.221077 0.364942 0.187515 -0.181392 0.219465 0.221765 -0.188 0.222758 0.538482 0.365515 0.158535 0.112363 0.223422 0.175514 
2.29076 2.01839 -0.213857 13356.9 -0.0711023 0.00103266 0.576473 0.212302 0.113912 -0.259028 0.175635 0.26741 -0.1682 0.0262811 0.490043 0.22143 0.104538 0.0567562 0.227118 0.223834 
2.3292 1.93477 0.0509983 15267 -0.319192 -0.0195627 0.356836 0.193548 0.319066 0.0506472 0.326928 0.0612045 0.151973 0.133316 0.363382 0.30787 -0.0570533 0.0140689 0.35769 0.343105 
1.50301 2.09048 -0.249653 11661.6 0.0985528 -0.32016 0.162487 0.325846 0.0991591 -0.225849 0.135714 0.25547 0.110214 0.385377 0.112137 0.393291 0.096578 0.355013 0.119717 0.364105 
2.22927 2.13164 -0.215545 4997.08 -0.0708077 -0.134028 0.215148 0.19911 0.126178 0.0699153 0.493915 0.210073 -0.10347 0.0265184 0.197867 0.268697 0.197235 0.0486161 0.625613 0.162151 
2.28265 2.03866 -0.468141 7606.22 0.0336943 -0.025828 0.0568092 0.0262686 0.290952 -0.0200072 0.509791 0.123645 0.0089048 0.131957 0.0759658 0.459093 0.229049 0.106566 0.535954 0.219568 
4.57476 2.49973 0.765861 6615.98 -0.170768 -0.1267 0.37076 0.305866 0.0184296 -0.13938 0.218658 0.305812 -0.388872 -0.0484645 0.417745 0.335577 0.212575 -0.0140057 0.222191 0.158849 
4.66593 2.62687 1.06369 7129.9 -0.0379571 -0.283461 0.167375 0.428092 0.0895191 -0.187311 0.147157 0.236782 -0.174633 0.27883 0.27861 0.457363 0.0538414 0.132964 0.18142 0.368301 
2.24127 1.6908 0.166328 9361.63 0.06348 -0.181285 0.256378 0.504985 0.00713554 -0.202989 0.420202 0.40843 -0.0124592 0.0448678 0.146154 0.215755 0.181036 -0.0147021 0.310487 0.237055 
1.75229 2.2671 -0.350825 16820.5 -0.236641 0.0377226 0.375889 0.247761 -0.0571822 -0.196226 0.0795238 0.300003 -0.30556 0.064606 0.385993 0.179835 0.0545695 0.363392 0.0815168 0.425249 
-2.14029 -1.66417 0.414914 12445 -0.22496 -0.205356 0.243575 0.218459 0.0541229 -0.470972 0.150736 0.473594 -0.237588 -0.0353578 0.283286 0.216438 -0.0456038 0.202324 0.136881 0.285447 
2.74211 2.27138 0.700621 7693.59 -0.184327 -0.156184 0.372663 0.190265 0.117696 -0.232633 0.298669 0.526083 -0.320362 0.0201596 0.42803 0.0276278 0.0689242 0.0176572 0.0937315 0.164771 
2.12123 2.42577 -0.41451 7579.04 -0.0574748 -0.1905 0.104179 0.357339 0.0513996 -0.0681738 0.409474 0.137756 0.0515728 0.414351 0.0730121 0.440722 -0.140719 0.150189 0.422793 0.180479 
2.16947 1.68591 -0.197739 2611.08 -0.0417125 -0.0685464 0.33124 0.204275 -0.194051 -0.02665 0.35184 0.27787 -0.0806645 0.00663634 0.366305 0.144496 0.0153272 0.0536542 0.652266 0.105079 
2.33391 1.64899 -0.0133571 8247.81 -0.000399485 -0.0250021 0.321298 0.406879 -0.0399849 -0.192263 0.168009 0.328055 -0.374364 0.0177293 0.580451 0.216531 -0.0147095 -0.00970398 0.160142 0.0762672 
3.83595 1.75545 0.282107 4827.69 -0.0334314 0.0212233 0.415768 0.138006 0.258466 0.00102409 0.391912 0.0913053 -0.173235 0.373878 0.175699 0.413007 0.020836 0.143259 0.310988 0.29415 
3.77785 1.63086 0.00157254 25211.6 -0.187224 -0.085763 0.410839 0.235944 0.188552 -0.124283 0.188804 0.407876 -0.264697 0.115892 0.41097 0.255269 0.242182 0.088383 0.245354 0.173271 
3.76502 1.55724 0.552381 7162.29 -0.0385025 -0.166177 0.160027 0.202071 0.114107 -0.197212 0.115938 0.259136 -0.0868026 0.356519 0.279905 0.364493 0.213812 0.401741 0.215233 0.412852 
2.14463 2.22 -0.030685 4793.01 0.0360447 -0.401276 0.0399287 0.433889 -0.0108452 -0.301445 0.142418 0.347441 0.0456833 0.178295 0.0997635 0.427153 -0.0428731 0.0543202 0.357593 0.238002 
3.74941 1.3974 0.67692 3588.98 -0.076784 -0.12454 0.117442 0.20423 0.258619 -0.0680487 0.421344 0.339306 0.140325 0.300134 0.196377 0.3296 0.159749 0.274933 0.222946 0.387172 
2.51144 2.53594 -0.17199 6313.8 -0.0228078 -0.151237 0.210768 0.433122 0.160011 -0.0499218 0.411649 0.337157 -0.123908 0.0208679 0.225184 0.474899 -0.00133487 -0.0895084 0.320078 0.167271 
5.83744 -1.85436 0.122974 3872.88 0.0606099 -0.484163 0.0607052 0.486144 0.144627 -0.349677 0.23116 0.349686 0.00601016 0.017094 0.0189404 0.178604 0.0983837 -0.144125 0.311153 0.204981 
2.27759 2.13652 -0.286147 7750.55 -0.120421 0.022575 0.151652 0.078074 0.396533 0.0476897 0.563435 0.0993078 -0.0135922 0.067331 0.131756 0.108247 0.275264 0.0511683 0.57199 0.170404 
3.74099 1.52755 -0.148036 11581.7 -0.244646 -0.115986 0.29108 0.269374 0.179007 -0.077117 0.196347 0.388131 -0.413034 0.0631567 0.515044 0.0878813 0.124253 -0.114633 0.154486 0.203331 
2.49976 1.56162 -0.21306 6666.88 0.137968 -0.0526494 0.22274 0.190269 0.365155 -0.0625063 0.446217 0.120329 0.00514617 0.0212259 0.225309 0.126998 0.469298 -0.026874 0.495048 0.0795846 
2.26529 1.7253 -0.103244 2252.74 -0.149745 0.0442114 0.514141 0.170972 -0.0521134 -0.0051751 0.119164 0.158132 0.0217164 -0.0787837 0.297194 0.573792 -0.288637 0.0751159 0.312387 0.168004 
2.21693 1.62156 -0.173588 8772.25 -0.0280128 -0.197582 0.21553 0.440427 -0.017048 -0.0180326 0.429789 0.340671 -0.0774486 -0.00598429 0.0986122 0.0470146 0.181608 0.0382798 0.599208 0.0770051 
4.012 1.15833 -0.284425 1965.62 -0.156009 -0.0164108 0.490941 0.0182042 0.342857 -0.0794082 0.353466 0.0809765 -0.140698 -0.0114967 0.501072 0.0120033 0.312466 -0.0492257 0.3212 0.0517558 
2.15041 1.98103 -0.136294 4197.08 0.0393346 -0.245158 0.332752 0.273498 0.0819896 -0.0159109 0.321562 0.310801 -0.137982 -0.166127 0.238689 0.227394 0.403273 -0.173931 0.403273 0.173931 
2.32176 1.64096 -0.264591 3136.59 -0.0556536 0.0163777 0.0805909 0.0485506 0.177708 0.00230004 0.600198 0.0699681 -0.0347755 0.0448914 0.176863 0.0513551 0.122354 0.0224814 0.731626 0.0501794 
4.93922 1.02224 0.181451 8194.32 -0.223574 -0.133536 0.241033 0.133547 0.230025 -0.0857366 0.435341 0.106817 -0.339679 -0.0511789 0.379773 0.0522134 0.405137 0.0225201 0.405137 0.0261098 
2.33346 1.56232 -0.305442 1640.98 -0.223577 0.000502114 0.661649 0.0306444 0.0426215 -0.0353772 0.0823402 0.0480857 -0.234293 -0.000720182 0.658205 0.0269157 0.0377392 -0.0217016 0.0511733 0.0307352 
3.58137 1.27311 -0.152064 5465.35 -0.0234523 -0.447597 0.0286426 0.584817 0.130168 -0.223932 0.184671 0.269775 0.00173411 0.0112535 0.0237616 0.0369852 0.369593 0.0155569 0.374823 0.0273408 
5.88351 0.532974 -0.178271 2200.24 0.0248087 -0.227261 0.145075 0.52995 -0.0110648 -0.284934 0.0350347 0.718895 -0.12081 0.00906448 0.174156 0.0186191 -0.00880519 0.00588319 0.0149102 0.0137754 
5.87699 0.699924 0.965358 27737.4 -0.199368 -0.177316 0.211519 0.189965 0.434395 -0.00479588 0.436646 0.00680729 -0.0264005 0.415077 0.0269418 0.417572 0.17178 0.162406 0.185011 0.17167 
3.81164 1.49899 -0.355585 5095.78 -0.437062 0.02717 0.468472 0.13261 0.00423233 -0.0818845 0.0469646 0.199765 -0.369723 0.126938 0.419249 0.140035 0.0819989 0.281129 0.081999 0.281953 
2.75587 1.73878 0.013524 1668.29 -0.0189989 -0.501439 0.322349 0.510045 -0.0213799 -0.409932 0.0777553 0.412595 -0.0284755 -0.039887 0.110041 0.0805933 -0.00468618 -0.071137 0.0387609 0.1058 
4.93969 0.926709 -0.208923 3739.41 -0.187503 0.0306113 0.297488 0.425183 -0.0511017 -0.15866 0.33144 0.333425 -0.423826 -0.00478786 0.472103 0.0182873 0.025941 -0.0223884 0.185524 0.0851367 
3.87669 1.16528 -0.340093 4464.86 -0.00919046 0.0623003 0.0410232 0.0676257 0.233528 0.0103009 0.583894 0.0288601 -0.0412975 0.275277 0.0517335 0.574425 0.012294 0.0950894 0.302486 0.285805 
0 0 0 19281.7 -0.103821 -0.113762 0.13461 0.219192 0.188159 -0.0587684 0.399211 0.108557 0.0764021 0.245383 0.230455 0.569822 0.081651 0.242649 0.314138 0.303345 
6.10264 0.54505 0.111128 8391.57 -0.125026 -0.17887 0.143517 0.179092 0.191099 -0.304013 0.235692 0.308734 -0.316006 -0.160607 0.335566 0.294783 0.121804 -0.240372 0.195653 0.425583 
5.58975 0.425486 0.0363906 4496.96 0.000989843 -0.411337 0.213774 0.432337 -0.0115345 -0.364895 0.0831181 0.422792 -0.00857074 0.115123 0.426682 0.115123 0.0164899 0.183961 0.0349768 0.183961 
5.57998 0.496803 -0.718911 6145.19 -0.128446 0.163714 0.263338 0.367491 0.019519 -0.0900665 0.0366033 0.0984532 -0.18605 0.248896 0.202369 0.271458 -0.0181348 0.506838 0.0413928 0.511781 
6.20276 -0.0899331 0.0741105 7820.16 0.0484848 -0.000814008 0.397496 0.403697 0.00769171 -0.102905 0.0437728 0.598064 -0.0545988 -0.0153611 0.546665 0.035375 -0.00920545 -0.024535 0.0102925 0.024535 
3.52094 1.59675 0.0714384 6633.92 0.038189 -0.310211 0.169344 0.397522 0.0558533 -0.100388 0.350356 0.265109 -0.0618161 0.328327 0.127891 0.382132 0.20867 0.0974818 0.345175 0.247098 
5.12003 -0.0578462 -0.201396 2278.56 0.0788672 -0.17872 0.167728 0.265872 0.00223307 -0.106785 0.486512 0.356611 -0.0975131 0.00573704 0.118421 0.0498363 0.39242 0.0540156 0.53175 0.140374 
5.97482 -0.481194 0.938339 18170.5 -0.335636 0.0268298 0.366137 0.0461063 0.102059 -0.215275 0.119993 0.245804 -0.177651 0.146417 0.185164 0.282899 0.0126576 0.408773 0.0853754 0.523401 
4.6681 -0.0335561 0.000229233 1774.33 0.126929 -0.194309 0.348319 0.431974 -0.0305292 -0.475863 0.0568716 0.504439 -0.16162 0.0463503 0.322401 0.0750754 -0.0680414 -0.0100026 0.094398 0.0362424 
4.36595 0.0696669 0.133596 6026.18 -0.0318781 -0.419794 0.0441379 0.430183 -0.0433316 -0.340893 0.210261 0.341562 0.0362134 0.0178621 0.0373545 0.0333713 0.237129 0.286623 0.346875 0.304819 
4.5228 -0.0422721 -0.173021 2133.64 -0.200452 0.0235644 0.350137 0.0836115 -0.0889698 -0.00138787 0.100994 0.163419 0.0191282 0.228488 0.329303 0.272619 -0.0912427 0.497706 0.139239 0.521956 
3.83977 1.38198 -0.146829 6863.72 -0.19681 -0.126135 0.213263 0.338242 -0.0086909 -0.446332 0.0128537 0.509996 -0.22735 -0.214947 0.258331 0.365493 0.00129333 0.103187 0.0121533 0.108154 
3.74809 1.07359 0.162295 2821.45 -0.02317 -0.217137 0.0985028 0.549435 0.158131 -0.115961 0.263727 0.296769 -0.02145 0.329477 0.0811659 0.362094 0.156496 0.175092 0.297692 0.20689 
6.06802 -0.401947 0.242363 10363.4 -0.176204 -0.244965 0.205896 0.251839 -0.00118914 -0.466186 0.0119738 0.481648 -0.389442 -0.0187183 0.431316 0.10474 0.00377685 0.00598718 0.0130873 0.0100379 
0 0 0 1800.7 0.0971227 -0.0935929 0.0977665 0.0964292 0.29532 -0.228947 0.312057 0.228947 0.0167468 0.380386 0.0180887 0.474672 0.0499786 0.218857 0.0707313 0.497504 
0 0 0 12279.3 -0.219103 -0.0802454 0.222648 0.165885 0.233198 -0.0493588 0.247773 0.0897351 -0.0284837 0.337216 0.0386815 0.498688 -0.00245439 0.289223 0.0446032 0.540228 
6.20039 -0.387049 0.064919 1817.99 -0.322937 -0.0539017 0.419589 0.0542166 -0.000613483 0.000846107 0.0055864 0.00550073 -0.0392141 -0.00982338 0.340433 0.380164 0.0866284 0.252985 0.0919494 0.608556 
5.36946 0.281995 -0.0969701 5998.48 -0.00663002 -0.400785 0.00978319 0.402911 0.0299623 -0.286803 0.132042 0.415366 -0.0113042 -0.00739798 0.0127349 0.0274275 0.149387 0.0293113 0.614356 0.0415417 
0 0 0 4551.45 -0.261259 0.0199154 0.415087 0.310797 0.294631 -0.149033 0.377152 0.244646 -0.121427 0.0064052 0.166955 0.403431 -0.0187543 0.0748943 0.158796 0.338746 
6.41248 0.588323 -0.77347 2005.62 -0.2173 -0.0271051 0.315416 0.0952145 0.0696978 -0.0527116 0.570145 0.0690774 -0.153826 0.229433 0.21735 0.235895 0.0137396 0.178965 0.496229 0.211458 
6.11143 -0.525092 0.217704 7695.6 0.0906196 -0.412853 0.0917409 0.412853 -0.144444 -0.187161 0.452023 0.300416 0.00448049 -0.0246085 0.0056546 0.0246085 0.0789268 -0.0121338 0.530759 0.0372186 
6.16883 -0.540806 0.26672 13576.4 -0.209403 -0.23943 0.213186 0.239509 0.00201997 -0.486982 0.0142667 0.486984 -0.282168 -0.155388 0.41027 0.221118 0.000519337 -0.00910132 0.00268943 0.0104258 
6.39369 -0.447571 0.171562 1522.52 -0.00160443 -0.299546 0.0127721 0.301602 0.0167284 -0.30836 0.0214748 0.309191 0.0243898 0.0994336 0.0424827 0.535511 -0.0111831 0.109872 0.0560245 0.551362 
6.15222 -0.868864 0.382804 15294.6 -0.186868 -0.241783 0.196111 0.242629 0.0123512 -0.51747 0.0143454 0.517697 -0.249946 -0.208291 0.346637 0.216411 -0.00143245 -0.00637131 0.00393234 0.00643256 
6.26661 -0.339495 0.0789199 5772.1 0.0179642 -0.193886 0.0685092 0.610318 0.096807 -0.0537564 0.293768 0.43098 0.0227983 -0.0184228 0.0227983 0.0189927 0.144225 -0.0214162 0.517809 0.0572016 
5.87973 0.428066 0.032977 13363.6 0.162539 -0.398108 0.181567 0.423371 0.0553183 -0.36129 0.137271 0.485006 -0.00852125 0.0420039 0.0400934 0.0881874 0.180655 0.0165335 0.396543 0.110858 
6.17192 -0.727051 0.0893535 3047.1 0.00156419 -0.0133126 0.00477898 0.0133287 0.145597 0.200358 0.479513 0.214569 0.0734148 0.237017 0.154855 0.49847 0.0117576 -0.0567392 0.453057 0.342825 
6.35358 -0.0823603 0.139232 14587.3 -0.18202 -0.196945 0.197283 0.211424 0.0331542 -0.216008 0.0485464 0.588605 -0.196636 -0.184925 0.394652 0.260878 0.118301 -0.159658 0.27309 0.182927 
6.20622 -0.81893 0.187903 6410.5 -0.120549 -0.0152528 0.540106 0.0333471 0.00338589 -0.00371587 0.00406393 0.00434123 0.0926306 0.268345 0.404439 0.292004 -0.139265 0.330749 0.142234 0.459225 
4.46999 -2.09498 0.0639839 1851.46 0.0168616 -0.241282 0.0455256 0.511489 -0.00372431 -0.357995 0.0244483 0.435219 0.00106617 0.111317 0.121516 0.291678 0.00849119 0.266407 0.0604928 0.4145 
6.31732 -0.0878189 0.111872 2648.26 0.0124793 -0.0639249 0.0224718 0.0770161 0.321575 0.0347126 0.507364 0.273916 0.0035816 -0.00200742 0.0112265 0.0467362 0.266073 -0.0249084 0.685333 0.0537947 
6.18992 -1.18934 0.208325 8179.11 0.00993121 -0.00087137 0.0139537 0.00964273 0.467883 0.0108785 0.467883 0.0302303 0.0148579 0.0585428 0.0580903 0.402975 0.3955 -0.0414354 0.412793 0.228153 
6.13884 -0.83471 0.113788 2057.26 -0.205336 0.149256 0.215053 0.397903 0.00366073 -0.0497338 0.0414444 0.515215 -0.465842 -0.0230087 0.479393 0.105644 0.00460039 0.00076461 0.00692417 0.00667838 
5.67572 -0.854862 -0.171073 1577.68 -0.479631 -0.0998001 0.538677 0.112157 0.00950165 -0.0409927 0.0673353 0.0504501 -0.398579 -0.0761989 0.500037 0.129137 0.00629879 0.0121301 0.0523985 0.0345676 
5.61784 -0.765313 -0.0935964 8357.06 -0.0208161 -0.188146 0.238213 0.27906 -0.101465 -0.502248 0.125428 0.585187 -0.310033 -0.0650869 0.321377 0.066556 0.00410668 0.0025684 0.00572818 0.00675926 
6.35649 -3.28959 0.689901 4151.8 -0.195171 -0.0547953 0.206059 0.116776 0.182949 -0.101318 0.335411 0.17868 -0.261897 -0.047985 0.307429 0.37126 0.320495 -0.0127053 0.523122 0.162764 
6.08656 -4.7783 -0.259972 2494.34 0.048205 -0.409759 0.0776399 0.479308 0.0764026 -0.452251 0.0959237 0.551457 -0.0686143 0.0243674 0.070777 0.046807 0.0688882 0.0404118 0.196189 0.102145 
5.5906 -0.517939 -0.0389125 7164.42 -0.285414 -0.165129 0.297008 0.171677 0.313752 -0.171584 0.322334 0.186245 -0.269238 0.17375 0.285954 0.17966 0.313879 0.210492 0.31448 0.213233 
-0.148038 -3.15761 0.138929 5160.69 0.0131074 -0.0190818 0.0210116 0.0232803 0.517217 -0.0361588 0.595687 0.0611871 0.00711471 0.255154 0.029162 0.312547 0.232005 -0.0146608 0.258256 0.28398 
6.35288 -4.48279 0.776385 6383.91 -0.124458 -0.195129 0.172145 0.1952 -0.152483 -0.394061 0.245004 0.488441 -0.308588 -0.0861504 0.385217 0.141118 0.0183468 0.0601822 0.254243 0.248033 
6.49092 -2.0638 0.433144 2433.14 -0.267367 -0.0118622 0.396652 0.0154608 0.355804 -0.0610508 0.357492 0.0668874 -0.280384 0.00199757 0.405523 0.0128104 0.362553 0.000959456 0.363281 0.0204867 
6.48019 -2.13342 0.295072 2259.14 -0.30807 -0.00417058 0.396911 0.0396811 0.269934 -0.110638 0.366764 0.138657 -0.266887 0.084697 0.42709 0.0983317 0.228769 0.20351 0.295456 0.222712 
5.99223 -4.6264 0.689398 6582.48 0.0659719 -0.361096 0.155656 0.459948 0.0345476 -0.301341 0.337716 0.322058 -0.0192838 -0.00775908 0.0796067 0.139426 0.0723332 0.0074323 0.520402 0.121609 
6.53669 -2.5972 0.559397 1643.37 -0.116122 -0.0502639 0.307807 0.4734 0.223252 -0.349913 0.279912 0.407937 -0.0886886 0.0404739 0.0980275 0.131917 0.0222286 0.148938 0.200841 0.384216 
5.78485 -4.54464 1.00925 5125 -0.0414643 -0.118665 0.0754736 0.271463 0.0284342 -0.156702 0.0420085 0.234165 -0.147701 -0.0882188 0.391728 0.515838 0.106919 -0.0489963 0.290485 0.52242 
5.71597 -4.5111 0.686446 9265.6 -0.0377029 -0.178032 0.319406 0.386672 0.0201367 -0.306331 0.116553 0.503193 -0.100123 0.00782463 0.530201 0.0805445 0.0244792 0.0282527 0.0972833 0.212962 
6.37637 -4.65765 0.433689 2548.09 -0.393963 -0.0025845 0.427383 0.0273354 -0.0583936 -0.0688616 0.378846 0.113961 -0.394848 0.00668524 0.41109 0.0105253 -0.0691266 0.0483264 0.380448 0.126587 
5.85527 -4.90106 -0.705468 2429.5 0.104977 0.00750233 0.115529 0.0233169 0.123382 0.225453 0.348098 0.314388 0.0298595 0.402261 0.0406406 0.402261 0.182868 0.127558 0.321814 0.454513 
6.09587 -4.57744 0.248877 2502.36 -0.166046 -0.0347146 0.256365 0.112382 0.0336585 -0.0598092 0.314733 0.13566 -0.0757433 0.0568438 0.168637 0.659207 0.00871938 -0.0172858 0.148448 0.52414 
5.79601 -4.8028 1.07409 5424.23 -0.0803871 -0.164454 0.142714 0.231058 0.0891518 -0.255653 0.0925277 0.293295 -0.311578 -0.196616 0.348553 0.34203 0.236648 -0.128219 0.316963 0.411381 
5.69056 -4.7504 0.183582 2633.67 -0.440177 -0.0509877 0.440177 0.0524009 -0.00747237 -0.000175172 0.0138125 0.00790234 -0.219526 0.081224 0.396012 0.117628 0.07378 0.425114 0.0803078 0.432154 
5.37123 -4.53106 0.701661 6883.62 0.106346 -0.266082 0.136765 0.493549 0.17258 -0.0784028 0.316117 0.256625 -0.0347655 -0.0125643 0.0421398 0.290849 0.352137 -0.0104055 0.47844 0.106669 
5.75186 -4.932 -0.0977041 3295.47 -0.031518 -0.239382 0.102701 0.495547 0.0212736 -0.199409 0.0397281 0.584655 -0.258484 0.131209 0.268467 0.345182 0.02613 0.0375988 0.0296854 0.152896 
5.62763 -4.67058 0.186413 8488.41 0.0122482 -0.00812974 0.0177493 0.0109795 0.43921 0.00772693 0.439936 0.0264131 -0.0221302 0.412591 0.0515604 0.475885 0.18392 0.139897 0.202309 0.338459 
5.40104 -4.80349 -0.0979838 2842.86 0.00255394 -0.258218 0.0355267 0.673106 0.136433 -0.18428 0.380883 0.257715 -0.000654914 0.0501919 0.0200293 0.208364 0.261106 0.00175757 0.301682 0.0902638 
4.90583 -4.67153 0.336101 2966.33 0.14228 -0.166096 0.248342 0.424135 0.26803 -0.114906 0.292344 0.334514 -0.0424226 -0.0302892 0.0851744 0.112373 0.438619 -0.0845539 0.438619 0.114122 
4.99037 -4.5907 0.5538 1692.98 -0.0245818 -0.362457 0.27677 0.411613 0.0716899 -0.387629 0.244771 0.423027 0.081287 0.0604797 0.180966 0.106825 0.00426587 0.257048 0.0677642 0.318344 
4.94421 -3.63173 -0.326616 2283.03 -0.207573 0.0094534 0.274373 0.0859434 0.251339 -0.139713 0.400334 0.354943 -0.0088023 -0.0506937 0.420755 0.202233 -0.0761544 0.270925 0.286842 0.349758 
4.65823 -3.22701 -0.0040105 4725.75 -0.134188 -0.280412 0.215928 0.353405 -0.0456208 -0.473473 0.0524645 0.517353 -0.299157 0.0697322 0.344339 0.0779644 -0.044068 0.0602608 0.0488858 0.0670901 
6.19367 -5.34763 -0.797168 2379.96 -0.187448 0.183159 0.201061 0.243092 0.0673891 0.040338 0.0715753 0.0470612 -0.129285 0.267521 0.200943 0.438179 0.0331139 0.47542 0.045812 0.515449 
5.40752 -4.68244 0.278382 7006.58 0.0360567 -0.122901 0.174488 0.384305 0.144237 -0.0773938 0.421403 0.164928 -0.00185194 0.127543 0.0683144 0.558447 0.0816958 -0.00148071 0.357902 0.325869 
5.59145 -5.17536 -0.76189 4084.09 -0.103665 0.215863 0.295724 0.362862 -0.049875 0.0132748 0.107152 0.153806 -0.178305 0.136738 0.289226 0.450498 0.115201 0.398044 0.133939 0.398222 
5.12419 -4.73177 0.588196 2262.52 0.106028 -0.302945 0.379123 0.302945 0.0728783 -0.387943 0.269032 0.411717 -0.015279 -0.102391 0.427211 0.103751 0.136857 0.0173217 0.176953 0.0647435 
5.379 -4.79939 0.450331 2471.84 -0.24146 -0.0163144 0.247639 0.090394 0.190734 -0.0166618 0.593756 0.0386376 -0.12187 -0.0787847 0.135202 0.262945 0.28106 0.0655856 0.495214 0.2052 
-1.32662 -1.62702 -0.167582 5624.5 -0.0494294 -0.251304 0.214312 0.459612 -0.0622409 -0.252879 0.0746575 0.602234 -0.0868934 -0.0139799 0.456175 0.152965 0.000247696 -0.00857787 0.0107712 0.0188659 
0.98859 -3.16266 0.203452 3487.9 0.0960541 -0.254649 0.244437 0.271642 0.0989128 -0.581715 0.15296 0.595678 -0.143378 0.00453526 0.164484 0.0582596 0.00475388 -0.000137837 0.0141574 0.114632 
4.97111 -4.7277 0.57514 6455.87 0.0347028 -0.366586 0.211906 0.383285 0.227665 -0.212291 0.294538 0.276326 0.0755166 0.180044 0.193456 0.414607 0.239845 0.0747826 0.254204 0.178358 
5.28852 -5.14148 -0.668419 1738.07 -0.0476849 -0.0382443 0.236805 0.0478244 0.305472 0.0991731 0.332998 0.272865 0.0419336 0.30478 0.196542 0.359241 -0.0170663 -0.0785481 0.291073 0.54235 
4.76566 -3.35388 0.00634962 7791.15 0.0152168 -0.441521 0.111178 0.621793 0.042005 -0.260246 0.21911 0.335259 -0.0446293 0.0879011 0.0524499 0.0924277 0.224776 0.00502245 0.318474 0.0261858 
3.96831 -3.31434 0.255763 5719.15 -0.00416454 -0.460468 0.0409064 0.470892 0.116954 -0.203144 0.166873 0.259213 0.0180103 0.181449 0.0879076 0.405927 0.163203 -0.0403099 0.201535 0.37015 
3.83876 -3.20488 0.332602 3316.58 -0.404468 0.043569 0.404687 0.0850883 0.219818 -0.0394128 0.250615 0.0558041 -0.438994 0.102611 0.438994 0.127034 0.188508 -0.0206393 0.295622 0.106059 
3.67057 -3.0151 0.482818 7316.06 0.036171 -0.339874 0.0973312 0.354159 0.126454 -0.204312 0.178587 0.224504 -0.201533 0.297554 0.351915 0.299507 0.324391 0.0915919 0.375971 0.0976282 
3.70969 -3.09981 0.446098 17458.7 -0.370307 -0.0654572 0.451573 0.0742372 0.266745 0.0683967 0.297988 0.183326 -0.20723 0.124645 0.373002 0.160391 0.211402 0.114737 0.318925 0.256698 
-2.77839 -2.53054 0.244547 1846.21 -0.072769 -0.316869 0.0792206 0.395559 0.00533341 -0.273727 0.00892747 0.277789 -0.00436581 0.0375938 0.02911 0.481177 -0.00700646 0.0119969 0.0113267 0.587218 
3.27187 -3.10818 0.396651 11280.6 -0.232548 -0.273504 0.240614 0.320291 0.182159 -0.161649 0.263715 0.296441 -0.161457 0.23087 0.19353 0.335402 0.19815 0.208421 0.246181 0.345478 
3.94515 -2.42162 0.0816424 21773.4 0.0518615 -0.423625 0.100124 0.44079 0.149667 -0.187053 0.206708 0.193678 -0.129869 0.371821 0.131189 0.3742 0.224813 0.119509 0.275083 0.149804 
3.67604 -2.45458 0.0947292 9941.22 -0.180595 -0.156246 0.214859 0.213088 0.196283 -0.319622 0.24589 0.334133 -0.324389 0.039338 0.369296 0.0958165 0.245514 0.0176739 0.455574 0.126496 
-1.86021 -2.76383 1.24051 2543.59 -0.0431946 0.115147 0.0437396 0.115147 0.0225938 0.0726286 0.0753583 0.26917 -0.242823 0.286328 0.243177 0.386838 0.204207 0.291349 0.219717 0.600399 
3.71894 -2.44473 -0.0150801 2862.96 -0.205686 -0.166411 0.268013 0.281738 0.0257883 -0.113066 0.190749 0.716236 -0.178776 0.111682 0.188426 0.142997 0.0391666 0.228836 0.0829052 0.228836 
3.56382 -2.43784 -0.0122896 6534.52 -0.0298564 -0.254692 0.130343 0.596122 0.223792 -0.166449 0.239939 0.357935 -0.0304165 0.192136 0.110289 0.192136 0.30178 0.11206 0.304902 0.120156 
-1.90263 -2.09925 1.17041 4595.02 -0.0907667 0.0696011 0.126447 0.287322 0.136082 0.0248045 0.370853 0.0826199 -0.46423 0.183243 0.488591 0.236951 0.287019 0.0129297 0.301707 0.0393497 
-1.46059 -2.17711 1.53325 5966.7 -0.0769537 -0.224549 0.111719 0.258481 0.123669 -0.208868 0.150158 0.345209 -0.241211 0.152062 0.269123 0.458505 0.337352 0.179946 0.346108 0.179946 
-0.71783 -2.44012 0.226512 2400.46 -0.0635919 -0.257324 0.180209 0.292939 0.0421964 -0.0546852 0.126569 0.432711 0.0127334 0.0406252 0.0236464 0.512322 0.00624545 0.00695162 0.0383665 0.579132 
-0.575179 -2.38635 0.484377 1881.28 -0.461299 -0.000383421 0.468557 0.114265 0.293172 -0.233446 0.351693 0.294676 -0.315646 -0.0275645 0.315646 0.0322505 -0.00146349 -0.0121469 0.0345348 0.0130456 
-1.78302 -1.23923 0.367778 6007.23 0.11029 -0.348486 0.165025 0.466592 0.198111 -0.170623 0.201286 0.189502 0.0408415 0.11397 0.224387 0.248041 0.405579 0.046078 0.408641 0.12321 
-2.03837 -1.26797 -0.701767 1860.79 -0.245447 0.00432928 0.300407 0.129771 -0.0403528 -0.0588819 0.0873754 0.112629 -0.000992646 0.212993 0.268676 0.391469 -0.0225047 0.48076 0.0837939 0.541028 
-2.21569 -1.53776 0.0275894 8665.16 -0.401594 -0.0739107 0.401595 0.169685 0.00131472 -0.0333087 0.0406635 0.0410468 -0.136912 0.0493261 0.317099 0.474376 -0.0607599 0.127393 0.0952892 0.511953 
1.07515 -1.19419 -0.664875 8131.12 -0.462014 -0.0154089 0.473256 0.0600858 0.2762 0.00706849 0.411081 0.0195726 -0.219354 0.156646 0.226408 0.229324 0.0454689 0.167386 0.224175 0.23557 
-2.63529 -0.547634 -0.809289 2238.63 -0.0857681 -0.00274417 0.101495 0.0992917 0.214112 -0.000160836 0.332906 0.0312398 -0.0219866 0.384431 0.122592 0.548014 0.0141263 0.236734 0.174266 0.514219 
-1.3101 -0.803961 1.54804 2528.81 -0.0441113 -0.425062 0.0735605 0.425062 0.149431 -0.18525 0.202571 0.258745 -0.0903252 0.250775 0.102967 0.250779 0.350311 0.180107 0.366271 0.180107 
-2.43178 -1.1129 0.0570494 1864.27 -0.00469446 -0.00780225 0.121756 0.215918 0.380705 0.0501875 0.384117 0.138969 0.0230652 0.116267 0.10928 0.519198 0.190555 -0.0501334 0.198551 0.496236 
-1.7393 -0.899501 0.0423421 4468.2 -0.0317651 0.00988138 0.272124 0.225077 0.0026369 -0.348054 0.0430614 0.416429 -0.127972 -0.238569 0.178076 0.43437 0.0916369 0.0436035 0.125233 0.507853 
-1.43739 -0.757562 -0.272422 3686.75 -0.0620294 -0.365617 0.0833522 0.606111 0.0956928 -0.195342 0.21768 0.440387 -0.00435259 -0.059043 0.00808688 0.0597891 0.28505 -0.0202963 0.328206 0.0415811 
-0.882735 -1.78825 -0.71361 6436.46 -0.323337 -0.103066 0.358061 0.10733 0.0367326 -0.123722 0.341776 0.300254 -0.143005 0.124231 0.226514 0.212074 0.164081 0.405736 0.165204 0.412536 
-1.76956 -1.41779 0.301642 5025.96 0.0159047 -0.437711 0.231528 0.472076 -0.0597365 -0.353098 0.213201 0.464904 -0.0684685 0.0205294 0.230227 0.0887753 0.0264073 -0.0126143 0.193958 0.190941 
-1.47896 -1.54676 -0.224717 3426.3 -0.152952 -0.232539 0.305617 0.56969 -0.0271545 -0.141038 0.0846442 0.425979 -0.163901 0.111688 0.460376 0.161527 0.0166644 0.0107455 0.114913 0.0544129 
-1.01767 -0.384571 1.28137 1616.07 -0.176664 0.0272405 0.256349 0.285284 0.016858 -0.0788562 0.0849557 0.791078 -0.291115 0.0337599 0.291115 0.0345641 0.0403476 0.0331678 0.0627547 0.0374958 
-0.901771 -2.15766 0.522129 2487.88 -0.0148158 -0.470057 0.277803 0.471067 0.131903 -0.438417 0.207123 0.453449 0.00627896 -0.036074 0.0283067 0.0386634 0.00623488 -0.0718346 0.0630462 0.0748987 
-2.4477 -2.24268 1.24261 1576.52 0.000234885 0.0305818 0.0266549 0.33074 0.0285592 0.192822 0.0612567 0.487017 -0.00477813 0.447918 0.0327937 0.447918 0.0159057 0.309776 0.0972172 0.309852 
-2.43049 -3.23849 0.445988 7092.21 -0.299775 0.00224599 0.418217 0.0119116 0.380056 -0.0172415 0.380056 0.020465 -0.198596 -0.0174992 0.336971 0.167046 0.227707 -0.102416 0.265451 0.358494 
-0.818882 -2.5849 0.698923 1651.14 0.127456 -0.3268 0.127718 0.383557 -0.0138852 -0.0249835 0.0810886 0.0606679 -0.102641 0.326217 0.164748 0.444513 0.0818445 -0.17248 0.34945 0.440603 
-2.26311 -2.43909 1.17508 5447.9 -0.171144 0.0579786 0.221962 0.249156 0.204639 0.0195642 0.390634 0.0639789 -0.392664 0.0470907 0.533456 0.142806 0.301164 0.0107941 0.317477 0.0358849 
0.862894 -3.06323 -0.212296 2391.95 -0.0144526 -0.0499177 0.0857016 0.113095 0.0995679 -0.125765 0.0995679 0.142684 -0.0427541 0.160652 0.101865 0.590092 0.0857282 0.149368 0.174383 0.68788 
1.11291 -2.98304 -0.187901 3175.15 0.0760871 -0.214525 0.11929 0.297309 0.244895 -0.0709501 0.299456 0.13152 0.045656 0.240371 0.15081 0.589254 0.183774 0.0466413 0.249399 0.378932 
0 0 0 1942.64 -0.178154 -0.369964 0.211934 0.597846 0.0777197 -0.203549 0.22031 0.385973 0.0774465 -0.0363448 0.173744 0.161748 0.21944 0.0604147 0.2511 0.0744625 
0.757715 -2.75146 0.29178 9101.84 0.173565 -0.386913 0.180208 0.457231 0.243692 -0.203516 0.246087 0.22055 0.124747 0.0826668 0.124747 0.0826668 0.394105 -0.041902 0.395269 0.0987519 
1.02533 -2.86671 -0.279083 5542.98 -0.17509 -0.182031 0.455639 0.363004 0.0612772 -0.0909655 0.119226 0.463708 -0.257755 0.0269255 0.449036 0.0667513 0.169114 0.0862904 0.188876 0.0990893 
0.931335 -2.93265 -0.41746 4522.43 -0.359274 -0.0135542 0.437896 0.067643 0.185736 -0.0412344 0.297903 0.285532 -0.341313 0.031828 0.388857 0.0948536 0.193282 0.102221 0.203823 0.316003 
-2.04405 -0.834416 0.0900565 2830.76 0.0195757 -0.0676542 0.2861 0.222548 -0.0258007 -0.394909 0.0367358 0.458986 -0.101493 -0.0469849 0.259452 0.418252 0.0589414 0.260173 0.11705 0.384764 
0.895353 -3.25245 0.0368928 2768.86 0.047198 -0.257121 0.0904602 0.646469 0.0691843 -0.0612661 0.281703 0.471628 0.105808 0.0825487 0.105808 0.0825487 0.241545 0.0654383 0.300735 0.0731531 
-1.83619 -2.94258 1.0411 8197.17 -0.130743 -0.00820474 0.157612 0.372435 0.220386 0.0547435 0.239757 0.312278 -0.329556 0.0826426 0.431791 0.0894396 0.38691 0.0179616 0.38691 0.0415274 
1.00525 -2.72804 0.0115931 6898.26 -0.0578688 -0.149352 0.329826 0.367602 -0.0383481 -0.22883 0.137995 0.596839 -0.288658 0.0196018 0.421263 0.0268499 0.116853 0.0705366 0.116853 0.0705366 
1.34819 -2.9235 0.144285 3444.58 -0.34238 0.0417047 0.594934 0.0843776 0.0867947 0.0777437 0.0867948 0.0777564 -0.194441 0.0617471 0.384006 0.287254 0.0600333 0.183632 0.219752 0.359001 
1.51133 -2.94529 -0.105772 3683.9 -0.00975605 -0.108303 0.271951 0.515352 0.114286 -0.0842301 0.173893 0.373131 -0.131437 0.105066 0.409488 0.353698 0.181515 0.0777341 0.2146 0.21838 
1.30689 -3.18614 0.102675 6512.67 -0.350501 0.0236435 0.445779 0.0271053 0.112292 0.0529173 0.112293 0.0530929 -0.0541385 0.0902155 0.336345 0.409684 -0.0278665 0.27812 0.0983515 0.514395 
1.56963 -2.93459 -0.222896 8253.93 -0.0843426 -0.370243 0.115739 0.420524 0.0954309 -0.189828 0.262525 0.25627 0.00269115 0.158254 0.187516 0.232595 0.17765 0.176232 0.50451 0.226662 
1.7706 -2.99919 -0.0937992 4002.26 -0.114635 -0.046078 0.233134 0.343981 0.0568946 -0.0902659 0.115931 0.493415 0.0238534 0.0720417 0.31361 0.265084 0.0420608 0.187425 0.156711 0.55031 
0.969775 -2.68269 0.395516 10380.6 0.0282718 -0.236633 0.168695 0.496646 0.0911281 -0.295736 0.221467 0.386055 -0.0472923 0.0478992 0.203915 0.265294 0.153454 0.0643985 0.201699 0.434653 
1.7819 -3.02939 -0.223324 7686.4 -0.0559967 -0.351948 0.12138 0.489887 0.115499 -0.229681 0.19367 0.285933 0.0591661 0.151965 0.169971 0.188399 0.204139 0.16783 0.458472 0.238459 
1.93009 -2.99897 -0.100648 2232.59 0.0279582 -0.170726 0.111561 0.47155 0.0715306 -0.103677 0.225559 0.30467 0.0200536 0.151825 0.0988718 0.509949 -0.0242144 0.03457 0.348787 0.382584 
1.92532 -3.00369 -0.148754 3100.89 0.00512194 -0.13864 0.0491967 0.600389 -0.049463 -0.109421 0.287134 0.352356 0.0378543 0.234739 0.0626784 0.327745 0.0312106 0.200753 0.278133 0.32882 
0 0 0 6180.98 -0.144103 -0.216902 0.251057 0.363485 -0.0505574 -0.246671 0.0871243 0.591143 -0.339617 0.0165927 0.443382 0.0219316 0.0338357 0.0223741 0.0370046 0.0299169 
1.91208 -3.20998 0.0141666 3004.91 -0.0787683 -0.0816365 0.251017 0.346354 0.0842832 -0.0230805 0.126669 0.524251 -0.0521626 0.0382712 0.199518 0.314816 0.0573376 0.0334205 0.104518 0.586299 
1.69867 -2.96158 -0.152482 2087.57 -0.0268979 -0.184285 0.121697 0.58042 -0.0611734 -0.180632 0.226765 0.430649 -0.0123263 0.132609 0.0865683 0.393479 0.0162202 0.156646 0.188342 0.302438 
1.50542 -2.90404 0.213103 5681.54 0.0131862 -0.424829 0.158682 0.556878 0.159973 -0.248276 0.274018 0.27011 -0.0743723 -0.0109045 0.150732 0.0637148 0.325527 0.0118405 0.325527 0.0598672 
1.6507 -2.8967 -0.212087 9160.6 -0.143022 -0.0779112 0.206455 0.407942 0.060889 -0.166879 0.231349 0.386552 -0.153046 0.117916 0.314703 0.243395 0.0986876 0.200465 0.396872 0.352942 
-1.80432 2.18937 0.765854 2082.91 -0.0809259 -0.482884 0.0810015 0.499612 0.0575638 -0.482118 0.0853428 0.508339 -0.0137162 0.0169129 0.017054 0.0322893 -0.00542486 -0.00130143 0.00941914 0.0241515 
1.98431 -3.22882 -0.118674 9138.13 0.12543 -0.459931 0.190932 0.55227 0.0359381 -0.223156 0.234452 0.355606 -0.0272652 -0.0046868 0.0754143 0.0284907 0.308566 -0.00770513 0.308846 0.0132335 
1.93016 -3.03078 -0.0418948 2817.7 0.0201027 -0.0977601 0.107685 0.554855 0.140777 -0.0853081 0.212985 0.300692 0.0498247 0.120765 0.103902 0.514627 0.104765 0.07355 0.223404 0.378464 
2.07363 -3.09867 0.0984908 5917.75 -0.184697 -0.0642619 0.224772 0.244677 0.0277843 -0.320375 0.0838119 0.454282 -0.349858 0.0314531 0.365234 0.115671 0.022172 0.187247 0.105391 0.461212 
1.89714 -3.03548 -0.134735 7404.75 -0.015714 -0.0515818 0.257321 0.345753 0.0862421 -0.190412 0.274015 0.322046 -0.0639724 0.0209989 0.229587 0.489764 0.111881 0.116049 0.321825 0.401616 
2.13361 -3.11706 0.134536 3333.34 0.00688078 0.0318336 0.0572337 0.144811 -0.00809884 -0.00218564 0.0516619 0.1707 0.0817687 0.221643 0.143776 0.586581 -0.104388 0.133616 0.245691 0.657272 
1.75245 -3.79102 0.470617 10568.6 -0.0118253 -0.241869 0.198677 0.248276 -0.0242024 -0.451142 0.0394021 0.453485 -0.0335009 -0.0145266 0.317381 0.208068 0.160204 0.326825 0.199997 0.331281 
1.73249 -3.74363 0.46437 9894.96 -0.0295389 -0.431095 0.0308288 0.43348 0.104101 -0.279111 0.162222 0.28977 0.0749552 0.298436 0.114848 0.377739 0.0328108 0.102807 0.166817 0.367776 
1.81839 -4.61911 0.342133 8726.7 -0.293704 -0.246662 0.29434 0.253238 -0.116304 -0.318989 0.168425 0.331109 -0.368827 0.036392 0.39074 0.157713 0.0538174 0.169713 0.212847 0.236137 
2.36575 -4.82311 -0.169656 6488.67 -0.0805544 -0.37938 0.108984 0.442803 -0.0826626 -0.484944 0.130171 0.484964 -0.199674 0.0149448 0.262305 0.0596306 0.0523441 0.115485 0.0546573 0.124986 
1.82488 -4.14867 0.417824 5353.37 -0.142284 -0.29369 0.144806 0.31297 -0.0616097 -0.319377 0.175623 0.378484 -0.1549 -0.0438284 0.306421 0.41403 0.0483034 0.0188226 0.229936 0.38208 
2.1754 -4.33386 0.047787 5730.44 -0.092369 -0.203515 0.100684 0.219251 0.0214804 -0.342968 0.0541711 0.361444 0.0418754 0.162797 0.267976 0.398565 -0.17478 0.232325 0.253044 0.481098 
1.88169 -4.82281 0.343183 3147.17 -0.242902 -0.31433 0.242902 0.314376 -0.200304 -0.187806 0.258445 0.193775 -0.417724 0.0795502 0.419195 0.211237 0.0778219 0.0610166 0.213225 0.207372 
-2.44908 1.78148 0.246666 2904.4 0.0129016 -0.418359 0.0230399 0.425472 -0.0356726 -0.403579 0.070134 0.408656 -0.0114754 0.237859 0.0530918 0.310804 -0.0248599 0.253915 0.0368041 0.276059 
0 0 0 4128.58 -0.322336 -0.11329 0.355696 0.15053 0.105433 -0.201966 0.131645 0.542342 -0.375259 0.019931 0.412868 0.0624641 -0.00130392 0.0801747 0.098755 0.197365 
2.0606 -3.21037 0.104874 2141.42 0.0548177 -0.272858 0.07688 0.350303 0.0755507 -0.24884 0.100619 0.360645 -0.0677602 0.300537 0.109621 0.507322 -0.026965 0.290063 0.116163 0.349275 
1.64867 -3.24477 0.16314 3891.14 -0.087685 -0.0277716 0.115883 0.0689797 0.289372 0.0300539 0.3311 0.0477157 -0.148509 0.228459 0.253921 0.694677 0.0731972 0.181893 0.227281 0.251134 
0 0 0 4021.67 -0.243049 -0.109148 0.453964 0.438437 0.101042 -0.058835 0.181286 0.401742 -0.17902 0.125279 0.269175 0.302981 0.084313 0.146593 0.169062 0.231507 
1.38234 -3.28748 0.0685563 5418.69 0.0744291 -0.386639 0.112863 0.516147 0.0955814 -0.151731 0.317555 0.404139 0.122143 0.110025 0.122699 0.110274 0.163274 0.0356347 0.395263 0.167669 
-0.70097 2.36916 0.516569 14454.1 -0.0891183 -0.220903 0.288204 0.226761 0.0452821 -0.351619 0.0454044 0.528692 -0.304597 -0.0177314 0.496339 0.0549967 0.0694823 -0.0470033 0.0826845 0.210999 
-1.76503 -4.24781 1.10718 9669.68 -0.1083 0.0126968 0.151911 0.375308 0.190822 0.0641854 0.207825 0.353544 -0.263304 0.0384401 0.443287 0.0554876 0.408555 0.0543767 0.408556 0.0777559 
0 0 0 3158.24 0.109441 -0.193284 0.158933 0.431987 0.101868 -0.298894 0.149546 0.498873 0.0300994 0.0251388 0.0878721 0.383395 0.0510479 -0.00586137 0.190069 0.415717 
-0.862124 -2.61448 0.332592 2455.63 -0.358144 -0.0447136 0.362415 0.113848 -0.0314629 -0.059646 0.0450396 0.165278 -0.142121 -0.268977 0.149064 0.463983 -0.0597546 -0.0232155 0.0893647 0.588756 
-1.95251 -1.62294 0.352475 8312.95 -0.0467931 -0.380134 0.179946 0.397494 0.0533261 -0.322 0.137518 0.399781 -0.0638801 0.283216 0.155053 0.285849 0.0462937 0.250133 0.137087 0.320739 
-0.761998 -2.61864 0.634441 3568.75 0.202107 -0.085475 0.430021 0.303053 0.0672517 0.0368931 0.0836278 0.146512 -0.297903 0.080103 0.398769 0.166711 0.401154 -0.105 0.407348 0.126175 
-2.325 -0.0969568 0.297455 3110.23 -0.385127 -0.0435742 0.481473 0.0975797 0.0413421 -0.0131256 0.0563086 0.0270724 -0.0768072 0.173616 0.22723 0.452569 -0.218248 0.160102 0.345603 0.34176 
-2.19665 -0.322835 0.891037 2432.25 -0.103002 -0.319914 0.201259 0.379214 0.00608891 -0.139697 0.309601 0.150578 -0.170162 0.327957 0.222469 0.335556 0.110115 0.187378 0.423469 0.188127 
-2.34134 -0.473697 0.409237 1941.76 -0.277901 -0.155846 0.280616 0.190823 0.0514447 -0.0341824 0.245689 0.172419 -0.183958 0.0392662 0.214395 0.47371 -0.0203398 0.097161 0.179351 0.576511 
-2.08211 -0.0764501 -0.412571 14190.9 -0.279983 -0.0947162 0.326026 0.201369 0.100196 -0.100825 0.396839 0.480039 -0.189485 0.0369506 0.245671 0.283979 0.0286144 0.157278 0.332895 0.205232 
-1.63734 1.67926 0.491299 7381.87 -0.0120771 -0.405254 0.0314285 0.44386 0.145177 -0.0894271 0.247745 0.266116 0.00560846 -0.0099992 0.00896044 0.0119981 0.487171 0.0164992 0.487173 0.0203901 
-2.36793 1.16672 1.17169 1806.67 -0.200773 0.0240983 0.201417 0.0376378 0.0611927 -0.0315064 0.152744 0.312098 -0.0202023 0.12275 0.312695 0.125136 0.0177328 0.556677 0.150402 0.573307 
-2.45618 1.54192 1.30819 1653.79 0.107655 -0.372613 0.151548 0.468102 -0.0354371 -0.160253 0.154935 0.246995 -0.0155564 0.105355 0.136916 0.57221 0.136466 -0.0500613 0.150677 0.306492 
-1.62569 -0.622014 -0.526586 13080.6 -0.0723651 -0.245475 0.272938 0.357228 0.0425126 -0.154573 0.193842 0.40317 -0.110455 -0.0201463 0.368212 0.34871 0.0725907 -0.0582661 0.18505 0.438031 
-2.46947 1.98811 1.20539 6253.11 -0.0433161 0.173566 0.122279 0.323016 0.0300917 -0.0419948 0.0380485 0.0482875 -0.381721 0.12155 0.43291 0.165626 0.173881 0.367458 0.399086 0.373536 
-2.41596 2.29551 0.464828 1707.13 -0.296927 -0.0604626 0.422628 0.244158 0.109545 -0.0439961 0.181034 0.304237 -0.360513 0.0422515 0.522401 0.0717341 0.189545 0.0357601 0.2755 0.076029 
-2.68386 1.42695 0.745169 3367.78 -0.0395799 0.0154366 0.0424442 0.0156975 0.392794 -0.247085 0.39465 0.372198 -0.0387341 0.00598372 0.0489574 0.0103632 0.263126 0.299993 0.413101 0.390402 
-2.01461 0.0502718 -0.356249 8376.32 -0.105491 -0.208618 0.307634 0.293806 -0.0522233 -0.379 0.0638864 0.476951 -0.238363 -0.0244608 0.567275 0.0663445 0.00175494 -0.00663761 0.0234399 0.0149402 
-1.82663 0.199212 -0.353342 3083.96 -0.0887577 -0.19977 0.1005 0.685478 0.242985 -0.0701993 0.278078 0.238242 0.00347981 -0.0029096 0.0132668 0.0174748 0.369315 -0.00347989 0.369315 0.0162414 
-1.35601 2.15284 0.809449 3597.67 -0.0653762 -0.221961 0.0667405 0.281701 0.0608767 -0.10484 0.201229 0.242888 0.00450751 0.44299 0.060052 0.45262 0.0805054 0.392265 0.0965228 0.414185 
-2.49224 2.09027 0.784727 3618.06 -0.13266 -0.291224 0.292813 0.349362 0.181814 -0.102391 0.47077 0.192807 -0.202498 0.216775 0.219681 0.3461 -0.0911318 -0.148817 0.175706 0.240134 
-0.933128 2.43452 0.307928 8136.88 -0.375244 0.0479116 0.406725 0.0555185 0.0297883 0.00448134 0.416449 0.037896 -0.107779 0.166187 0.221126 0.218031 -0.186059 0.284246 0.397619 0.31882 
-1.45074 0.799567 -0.26789 11333.9 -0.134498 -0.139644 0.155975 0.265842 0.314166 -0.0954638 0.365537 0.218285 -0.250479 0.0260424 0.291257 0.0650218 0.442776 -0.00504262 0.468284 0.100592 
-1.37078 1.28523 -0.626165 2130.73 -0.282619 0.0302839 0.303291 0.263516 0.376795 -0.0171297 0.395682 0.137072 -0.24409 -0.00279743 0.274651 0.222728 0.332795 0.0172503 0.361453 0.104601 
-0.760214 2.48444 0.232743 6264.91 -0.322441 0.0233836 0.342303 0.0825483 0.082062 -0.0509572 0.148231 0.273809 -0.332213 0.0885155 0.415386 0.292331 -0.03165 0.0676206 0.0715771 0.520452 
-1.33507 1.16531 -0.262091 2227.54 -0.30586 -0.0356948 0.412966 0.268667 0.341307 -0.0102544 0.372799 0.298056 -0.212191 0.122067 0.25483 0.220573 0.173569 0.0392851 0.204039 0.265415 
-0.604811 2.8909 -0.253134 2349.78 -0.0210219 -0.0188639 0.149343 0.576262 -0.00494876 -0.149339 0.0718963 0.433145 -0.0752036 0.12111 0.430458 0.12212 -0.0998693 0.230037 0.253681 0.286226 
-1.15393 1.75352 -0.472179 8293.47 -0.131927 -0.173434 0.200696 0.25367 0.134904 -0.0510574 0.275925 0.307607 -0.242403 0.0174416 0.36372 0.350722 0.304493 0.00614733 0.348579 0.354024 
-2.56477 2.49051 0.752526 5782.48 0.0751831 -0.376862 0.273431 0.439396 -0.020753 -0.427883 0.315297 0.4695 -0.161573 0.0543572 0.176707 0.0887403 0.0514966 0.0142726 0.0708665 0.0688049 
-1.20369 1.56546 -0.222653 11564.1 -0.187306 -0.0756736 0.405028 0.191855 0.00595914 -0.173742 0.395243 0.197565 -0.150291 0.182141 0.239755 0.231026 -0.00562376 0.255798 0.322435 0.439966 
-0.0616199 2.51866 0.681157 7865.15 -0.398887 -0.00218322 0.42363 0.0574437 0.152649 0.0298348 0.386332 0.0682551 -0.132735 -0.118059 0.240564 0.38913 0.0801862 0.00770663 0.256482 0.403736 
-0.973069 2.37504 -0.341704 1938.71 0.0364324 -0.312042 0.158955 0.35042 -0.120631 -0.265171 0.212957 0.331026 0.0334309 0.292943 0.212806 0.328687 0.00912564 0.234335 0.14733 0.439456 
-0.758842 2.66062 -0.136211 7871.61 -0.0505316 -0.144073 0.36599 0.214506 -0.0623751 -0.351755 0.297131 0.415629 -0.0719193 0.0481576 0.334349 0.164964 -0.0989848 0.340464 0.138649 0.340863 
0.370133 2.48252 0.676509 3486.94 -0.22925 -0.1755 0.288853 0.265081 0.155776 0.0530582 0.389795 0.21916 0.00641261 0.16074 0.126733 0.526624 0.0379936 0.0683745 0.179798 0.416808 
