20
-0.574603 2.6222 -0.423367 15722.7 -0.407039 -0.0311814 0.423344 0.137564 0.0578433 -0.0947783 0.0874683 0.135894 -0.28465 -0.0788358 0.29727 0.393666 0.0420057 0.14287 0.0527016 0.487451 
-0.905336 2.5794 -0.518429 13763.3 -0.00702134 -0.253408 0.101258 0.303575 0.0664461 -0.199789 0.0760916 0.368997 -0.258696 0.154524 0.360772 0.171707 0.39494 0.174595 0.408942 0.207119 
-0.403619 2.40799 -0.163809 8459.34 -0.0709153 -0.281292 0.0709153 0.389837 0.109431 -0.0829178 0.324448 0.188884 0.140118 0.198393 0.231817 0.36578 0.0978206 0.0804019 0.547283 0.192236 
-0.791177 2.68538 -0.385048 3815.73 -0.28725 0.013521 0.28964 0.0299142 0.256967 0.0961916 0.276509 0.164051 -0.324995 0.00575561 0.330497 0.0189964 0.441037 0.145975 0.445636 0.154623 
0.269222 2.3999 -0.139852 20102.8 -0.102009 -0.11817 0.291889 0.179344 -0.00100619 -0.37451 0.0258599 0.50609 -0.307635 0.0119241 0.347558 0.0455649 0.0516148 0.174435 0.419873 0.184834 
0.152736 2.28128 0.149604 18515.7 0.0671122 -0.332697 0.135013 0.422445 0.0225346 -0.0307579 0.24918 0.334651 -0.0313621 0.320098 0.0410665 0.329253 0.0363637 0.0675187 0.438318 0.317858 
-0.29216 2.30536 0.460064 14164.4 -0.114483 0.0119314 0.507558 0.0255717 0.0921175 0.116908 0.250516 0.139617 0.10406 0.236557 0.439446 0.3029 0.087205 0.256058 0.303864 0.326943 
0.142653 2.38208 -0.328336 12354.2 -0.176568 -0.267213 0.289812 0.308084 0.19753 -0.226208 0.248165 0.265762 -0.076233 0.118195 0.349452 0.251725 0.166643 0.0931069 0.470785 0.180821 
-0.361707 2.28909 0.278319 12492.3 -0.142538 -0.12922 0.253944 0.162805 0.423658 -0.0424718 0.463581 0.138367 0.0363157 0.142534 0.0735264 0.427629 0.146198 -0.00804828 0.372948 0.293594 
0.373928 2.34604 0.0987918 39249 -0.0416723 -0.252329 0.0592393 0.503205 0.0726935 -0.0606234 0.268494 0.275515 -0.145074 0.120457 0.289161 0.331273 0.239861 0.0268886 0.481777 0.0403238 
0.337919 2.35793 -0.0113511 33855.2 -0.0920664 -0.0474096 0.402581 0.185177 0.0663281 0.0252919 0.503629 0.200748 -0.0711726 0.0131576 0.213968 0.431715 0.0530186 -0.0253133 0.200469 0.4614 
0.539548 2.40861 -0.0204735 6926.98 -0.114667 -0.145793 0.121113 0.147693 -0.156617 -0.222946 0.175807 0.224656 -0.0186102 0.269522 0.236265 0.360137 -0.194351 0.435458 0.243657 0.477387 
-0.440277 2.29347 0.455412 3066.8 -0.0493602 -0.0467493 0.0605056 0.0505457 0.0143127 0.100933 0.195258 0.20344 -0.192319 0.406542 0.300384 0.494919 -0.00358425 0.0407238 0.58303 0.142107 
0.281041 2.25112 0.59125 5032.5 -0.0234871 -0.255933 0.212848 0.450762 0.0107118 -0.327084 0.0387274 0.480704 -0.0927913 0.0291 0.571802 0.046007 0.0143757 0.0333196 0.0151929 0.0636408 
0.63735 2.38185 0.435308 5075.06 -0.0543757 -0.0263633 0.332686 0.377093 -0.000632705 0.0258832 0.156971 0.437597 -0.125119 0.0656386 0.471713 0.0720921 0.119559 0.000428645 0.462453 0.225248 
0.56869 2.71624 -0.160615 4242.5 -0.0596768 -0.314132 0.279842 0.565739 -0.098569 -0.145608 0.184025 0.437498 -0.0635672 0.205229 0.302 0.275394 -0.0833072 0.0768213 0.102407 0.081596 
-0.597169 2.28073 0.278842 2741.58 -0.0237465 -0.172582 0.159448 0.282615 0.069352 -0.19762 0.229036 0.309351 -0.00724067 0.183457 0.0220559 0.592362 -0.0169972 0.174629 0.0240386 0.505814 
20
-0.574605 2.62221 -0.423369 15851.1 -0.411397 -0.032338 0.427997 0.138665 0.058002 -0.0955764 0.0863289 0.136192 -0.288962 -0.0828107 0.301826 0.389498 0.0424158 0.141881 0.0527636 0.478449 
-0.905337 2.57939 -0.51843 13773 -0.00751482 -0.253217 0.102581 0.302485 0.0669542 -0.200557 0.0764994 0.367061 -0.259017 0.153989 0.360816 0.171926 0.395441 0.175311 0.409332 0.208059 
-0.403621 2.408 -0.16381 8531.45 -0.0709391 -0.281034 0.0709391 0.389309 0.109785 -0.0833954 0.324921 0.189376 0.140383 0.198411 0.231551 0.365185 0.0977907 0.0815274 0.547418 0.192382 
-0.791179 2.68538 -0.385051 4132.12 -0.288261 0.0136145 0.291399 0.0303668 0.255551 0.0949562 0.275499 0.165651 -0.325317 0.00585646 0.330261 0.0177413 0.440305 0.148159 0.444656 0.155761 
0.269226 2.3999 -0.139856 19997.9 -0.101976 -0.118002 0.292513 0.179697 -0.00117853 -0.37486 0.0264859 0.505656 -0.308023 0.0116309 0.346407 0.045368 0.0516989 0.174384 0.420244 0.184788 
0.152742 2.28133 0.149605 18468.2 0.0645936 -0.335474 0.133671 0.425622 0.030627 -0.0182502 0.258129 0.333856 -0.0315994 0.327592 0.0408021 0.335638 0.0260634 0.0614396 0.396709 0.342799 
-0.29216 2.30536 0.460064 14163.6 -0.113426 0.0139667 0.506745 0.0251438 0.0915697 0.117798 0.250012 0.140408 0.104683 0.234621 0.439751 0.304955 0.0873725 0.255391 0.30562 0.326115 
0.142656 2.38207 -0.328339 12322.5 -0.176662 -0.268105 0.290029 0.308236 0.198395 -0.228048 0.247859 0.267048 -0.0768096 0.118391 0.349076 0.246759 0.167139 0.0935015 0.471333 0.179175 
-0.361706 2.28909 0.278319 12426.7 -0.142852 -0.129494 0.255372 0.164581 0.422736 -0.0421598 0.462333 0.1386 0.0361087 0.14234 0.0734476 0.428743 0.145578 -0.00849659 0.37351 0.29241 
0.373933 2.34605 0.0987891 39213.9 -0.0416824 -0.253334 0.0586786 0.503342 0.0729866 -0.0608959 0.268874 0.27506 -0.144622 0.121347 0.289175 0.331672 0.239525 0.0270287 0.480941 0.0402164 
0.337925 2.35793 -0.0113551 33744.5 -0.0919311 -0.0473205 0.403761 0.185603 0.0662705 0.0256025 0.503241 0.199889 -0.0710071 0.0134542 0.214443 0.431445 0.0528679 -0.0253196 0.200792 0.460945 
0.539554 2.40861 -0.0204777 6835.52 -0.115524 -0.144359 0.122972 0.147446 -0.157655 -0.221992 0.175469 0.224389 -0.0181098 0.268216 0.235522 0.361365 -0.19596 0.43593 0.24356 0.476881 
-0.44028 2.29347 0.455414 3084.27 -0.0500944 -0.0473399 0.0612174 0.05209 0.0148752 0.100375 0.195233 0.202271 -0.192424 0.407114 0.301544 0.494748 -0.00426772 0.0414299 0.582278 0.142071 
0.281044 2.25111 0.591246 5066.42 -0.0262413 -0.266475 0.23408 0.423826 0.0108516 -0.339431 0.0335977 0.468492 -0.094708 0.0340748 0.580174 0.0461995 0.0144787 0.0405255 0.0148873 0.0662494 
0.637356 2.38185 0.435303 5032.9 -0.0564105 -0.0246895 0.334 0.37529 0.00148357 0.0277454 0.156248 0.439607 -0.124936 0.0650768 0.470729 0.0726792 0.12046 -5.85459e-05 0.464145 0.220485 
0.568693 2.71625 -0.160619 4212.54 -0.0596399 -0.313885 0.279632 0.566116 -0.0983778 -0.145604 0.183796 0.437422 -0.063712 0.205211 0.301218 0.276506 -0.0831989 0.0770814 0.101591 0.0817873 
-0.597156 2.28071 0.278841 2798.18 -0.022358 -0.173546 0.158023 0.282284 0.0690751 -0.196891 0.231606 0.311287 -0.00644735 0.18471 0.0200691 0.590346 -0.0182228 0.173853 0.0234421 0.506382 
20
-0.57461 2.62222 -0.423368 15641.9 -0.41272 -0.0330472 0.43026 0.139197 0.0575132 -0.0963527 0.0878515 0.136588 -0.290624 -0.0849063 0.302624 0.388266 0.0417016 0.141024 0.0520038 0.475115 
-0.905337 2.57939 -0.51843 13773 -0.00751482 -0.253217 0.102581 0.302485 0.0669542 -0.200557 0.0764994 0.367061 -0.259017 0.153989 0.360816 0.171926 0.395441 0.175311 0.409332 0.208059 
-0.403628 2.40801 -0.163808 8426.3 -0.0715329 -0.280707 0.0715329 0.390622 0.110401 -0.0831779 0.324391 0.189657 0.140588 0.197565 0.231778 0.366787 0.0987341 0.080977 0.54546 0.192815 
-0.791184 2.68539 -0.385053 4134.65 -0.287896 0.0139175 0.290823 0.0294524 0.254667 0.0938478 0.273721 0.166923 -0.326002 0.0053322 0.330535 0.0185907 0.440556 0.149485 0.444746 0.157447 
0.269226 2.3999 -0.139855 20103.1 -0.102154 -0.117868 0.292875 0.17902 -0.000802045 -0.375132 0.0267833 0.505448 -0.307796 0.0117018 0.347764 0.0458477 0.0512811 0.17416 0.419685 0.184135 
0.152738 2.28131 0.149605 18449.9 0.0656485 -0.33439 0.134348 0.423838 0.0270271 -0.0251591 0.253 0.333663 -0.0308405 0.324039 0.0399195 0.332871 0.031109 0.0652986 0.417346 0.330969 
-0.292166 2.30536 0.460069 14353.2 -0.115061 0.0129737 0.507271 0.0242215 0.092192 0.117869 0.249216 0.141326 0.104336 0.235333 0.438907 0.304932 0.0878756 0.255883 0.304404 0.326234 
0.142656 2.38207 -0.328339 12232.6 -0.176295 -0.268725 0.289895 0.308886 0.197463 -0.22676 0.247786 0.266988 -0.0767395 0.120547 0.348194 0.248893 0.16705 0.0932864 0.470078 0.181438 
-0.361711 2.28909 0.278323 12448.2 -0.143301 -0.129081 0.255638 0.164378 0.423148 -0.0417108 0.462472 0.138357 0.0350884 0.141608 0.0732885 0.427964 0.146767 -0.00878049 0.372564 0.293885 
0.373934 2.34606 0.0987909 39476.4 -0.0415723 -0.253651 0.058487 0.501642 0.0727564 -0.0606178 0.268474 0.276511 -0.144796 0.121339 0.288677 0.332938 0.239702 0.0269342 0.48131 0.0404857 
0.337925 2.35793 -0.0113539 33778.7 -0.0925125 -0.0473524 0.402764 0.185748 0.0663636 0.0256981 0.503438 0.200712 -0.0709006 0.0132113 0.214091 0.431604 0.0527296 -0.0254347 0.200597 0.461182 
0.539553 2.4086 -0.0204778 7325.28 -0.115908 -0.143267 0.122933 0.145992 -0.157247 -0.220981 0.176442 0.223894 -0.0202828 0.267351 0.236263 0.362401 -0.194696 0.434705 0.245071 0.478233 
-0.440286 2.29347 0.455418 3014.71 -0.0491288 -0.0466842 0.0596261 0.0513501 0.013554 0.0997106 0.195015 0.201727 -0.194529 0.40691 0.304362 0.494455 -0.00231498 0.0421571 0.581356 0.14153 
0.281042 2.25112 0.591253 5094.54 -0.0241406 -0.258515 0.21952 0.442854 0.0115276 -0.329848 0.0377821 0.476071 -0.09323 0.0302137 0.575682 0.0465508 0.0143013 0.0342495 0.015268 0.065521 
0.637356 2.38185 0.435303 4959.85 -0.0558008 -0.0255364 0.335175 0.37289 0.000446532 0.0257439 0.155128 0.436773 -0.125962 0.0650049 0.472977 0.0751711 0.121375 0.000357325 0.464718 0.221615 
0.568694 2.71625 -0.160619 4206.53 -0.0594367 -0.313696 0.279159 0.565923 -0.0985236 -0.145664 0.183924 0.437971 -0.0631152 0.204859 0.301379 0.276636 -0.083364 0.0772687 0.101416 0.0823046 
-0.597146 2.28067 0.278848 2855.56 -0.0224961 -0.173839 0.15766 0.285138 0.0686646 -0.198121 0.230809 0.311849 -0.00603482 0.185254 0.0192155 0.589318 -0.0179873 0.173838 0.0230687 0.50546 
20
-0.574617 2.62223 -0.423368 15698.9 -0.413538 -0.0349063 0.431545 0.138996 0.0572223 -0.0968051 0.0862592 0.136917 -0.29176 -0.0849194 0.303813 0.387117 0.0424218 0.140692 0.0525655 0.473282 
-0.905342 2.57939 -0.518429 13630.4 -0.00780817 -0.253131 0.103979 0.302575 0.0668076 -0.200086 0.0763755 0.367237 -0.259019 0.153808 0.360002 0.172462 0.395262 0.174744 0.409571 0.209012 
-0.403635 2.40804 -0.163808 8437.34 -0.0714962 -0.280239 0.0714962 0.39069 0.110311 -0.082463 0.324823 0.188618 0.140482 0.197029 0.232173 0.365216 0.0976904 0.0801221 0.547322 0.192776 
-0.791186 2.68538 -0.385053 4388.6 -0.287333 0.0137489 0.289986 0.0294788 0.253917 0.0929997 0.272766 0.168637 -0.326117 0.00529696 0.331603 0.0192827 0.440866 0.150848 0.444515 0.15762 
0.269227 2.3999 -0.139856 20014 -0.101616 -0.117843 0.293425 0.179478 -0.00133008 -0.374837 0.0273287 0.506015 -0.308111 0.0117647 0.347323 0.0461843 0.0512388 0.174091 0.418686 0.184656 
0.152738 2.2813 0.149605 18345.9 0.066058 -0.333521 0.134944 0.423221 0.0250181 -0.0275465 0.250711 0.333374 -0.0314655 0.322049 0.0405349 0.330939 0.0343164 0.0659772 0.428197 0.325058 
-0.292168 2.30536 0.460072 14429.3 -0.115381 0.0121374 0.505812 0.0253825 0.0922389 0.116169 0.248946 0.139257 0.104076 0.235699 0.439323 0.306189 0.0875131 0.256013 0.305525 0.32705 
0.142657 2.38209 -0.328342 12282.8 -0.178111 -0.267668 0.290747 0.306691 0.199859 -0.224791 0.250512 0.26549 -0.0765461 0.118985 0.34859 0.246254 0.166666 0.0916268 0.470772 0.185111 
-0.361714 2.28909 0.278327 12444.2 -0.143709 -0.129791 0.254879 0.163444 0.423468 -0.0417634 0.463063 0.139708 0.0351863 0.142832 0.0733356 0.427602 0.146694 -0.00843204 0.371775 0.293473 
0.373935 2.34606 0.0987911 39571.9 -0.0417325 -0.253165 0.058215 0.50287 0.0730115 -0.0608787 0.268719 0.276202 -0.14481 0.121055 0.289217 0.331338 0.239631 0.0268665 0.481161 0.040467 
0.337926 2.35793 -0.0113543 33759.1 -0.0920836 -0.0473499 0.401954 0.185153 0.0661004 0.0259673 0.503719 0.200958 -0.0709956 0.013367 0.21415 0.431848 0.0527015 -0.0256874 0.200828 0.461437 
0.539555 2.4086 -0.0204784 6851.28 -0.114522 -0.142654 0.121392 0.145391 -0.160012 -0.221672 0.177801 0.223965 -0.0198265 0.266816 0.236784 0.361528 -0.195349 0.435266 0.244891 0.477629 
-0.440291 2.29348 0.455423 3012.1 -0.0491826 -0.0461669 0.0590814 0.0523064 0.0143471 0.100697 0.195601 0.201483 -0.193304 0.406245 0.303787 0.493169 -0.00326395 0.0411049 0.583148 0.142564 
0.281042 2.25112 0.591253 5092.74 -0.0269255 -0.266448 0.236749 0.419571 0.0117114 -0.341573 0.0339024 0.466701 -0.0946614 0.0340381 0.58207 0.0477048 0.0147955 0.0414689 0.0152789 0.0684486 
0.637357 2.38185 0.435299 5077.09 -0.0554794 -0.0253023 0.336313 0.371631 0.000907004 0.0269579 0.158137 0.432024 -0.125586 0.065621 0.47212 0.073216 0.121253 -0.000998139 0.467021 0.226757 
0.568695 2.71626 -0.160621 4195.64 -0.0596727 -0.313474 0.279713 0.56573 -0.0981198 -0.145522 0.18351 0.43828 -0.0632258 0.204826 0.301296 0.276929 -0.0832078 0.0772677 0.101268 0.0821033 
-0.597146 2.28067 0.27886 2807.91 -0.0226799 -0.173903 0.159091 0.283736 0.0689268 -0.197859 0.231709 0.309399 -0.00686083 0.185539 0.018765 0.589363 -0.0181537 0.17412 0.0235803 0.506658 
20
-0.57462 2.62224 -0.42337 15865.6 -0.413558 -0.0357232 0.431178 0.139211 0.0567516 -0.0980422 0.0863532 0.137653 -0.291482 -0.0841631 0.303503 0.387661 0.0415337 0.14169 0.0518557 0.47324 
-0.905345 2.57939 -0.518434 13767 -0.00713594 -0.25314 0.103137 0.303792 0.0661849 -0.200468 0.0760392 0.367769 -0.258539 0.153941 0.359245 0.172558 0.394819 0.175408 0.409031 0.209753 
-0.403637 2.40805 -0.163809 8498.45 -0.0716839 -0.279861 0.0716839 0.389938 0.110224 -0.0833405 0.324629 0.189069 0.139288 0.197536 0.230072 0.365503 0.0980175 0.0813968 0.54801 0.193926 
-0.791189 2.68538 -0.385058 4147.07 -0.288002 0.0146093 0.290501 0.029664 0.254465 0.0941556 0.273509 0.16918 -0.325736 0.00520743 0.331501 0.0187801 0.44044 0.149325 0.444291 0.156299 
0.269231 2.3999 -0.139856 20061.1 -0.101649 -0.117912 0.293341 0.180135 -0.000981961 -0.37494 0.0266588 0.505973 -0.307914 0.0120888 0.348018 0.046505 0.0508589 0.174067 0.418066 0.184548 
0.152742 2.28133 0.149609 18403.2 0.0666878 -0.334132 0.135155 0.422213 0.0239362 -0.0299142 0.24918 0.333606 -0.0315639 0.321948 0.0404636 0.331198 0.0355778 0.0671429 0.432564 0.320896 
-0.292171 2.30536 0.460073 14431.8 -0.115582 0.0123735 0.50648 0.023128 0.0928046 0.116449 0.248728 0.13774 0.103793 0.235166 0.43984 0.306025 0.087376 0.255347 0.305399 0.327267 
0.142662 2.38209 -0.328341 12326.2 -0.178229 -0.26852 0.289939 0.308593 0.200109 -0.225373 0.249526 0.265326 -0.0763799 0.119603 0.349008 0.247254 0.167166 0.0922865 0.468948 0.183932 
-0.361717 2.2891 0.278328 12568.1 -0.143869 -0.128939 0.256746 0.162585 0.423492 -0.0414854 0.462115 0.138629 0.0345007 0.142146 0.071893 0.429007 0.146406 -0.00889972 0.371932 0.293275 
0.373938 2.34607 0.0987928 39405.6 -0.0416306 -0.252969 0.0585119 0.502943 0.0723764 -0.0606938 0.268544 0.275774 -0.145442 0.120279 0.289244 0.330853 0.240408 0.0265861 0.481561 0.0406326 
0.33793 2.35793 -0.0113532 33938.8 -0.0917819 -0.0475195 0.402317 0.184815 0.066006 0.0258604 0.503615 0.201306 -0.0712867 0.0133288 0.213151 0.432104 0.0531591 -0.0254764 0.200496 0.461563 
0.53956 2.4086 -0.0204773 7130.43 -0.114641 -0.14284 0.120717 0.144606 -0.158922 -0.223091 0.177602 0.224445 -0.0222341 0.267309 0.237862 0.361515 -0.193239 0.435357 0.241582 0.479065 
-0.440295 2.29348 0.455423 3158.56 -0.0497195 -0.0475478 0.0600228 0.0532769 0.0141483 0.099378 0.195477 0.203026 -0.192675 0.406438 0.303627 0.492345 -0.00361794 0.0423312 0.583743 0.14078 
0.281042 2.25111 0.591257 5074.81 -0.024615 -0.25979 0.219166 0.440441 0.0117179 -0.331923 0.0379333 0.476011 -0.0932229 0.0306111 0.575713 0.0469205 0.0145975 0.0356763 0.0148391 0.0655399 
0.637356 2.38185 0.435299 5050.33 -0.0557689 -0.0253835 0.336061 0.371103 0.000465475 0.0260491 0.1559 0.433188 -0.127377 0.0664527 0.473144 0.0751043 0.122344 -0.000548916 0.465199 0.226603 
0.568677 2.71618 -0.160614 4175.82 -0.0593992 -0.313423 0.279876 0.566314 -0.0986964 -0.144989 0.184331 0.437764 -0.0629524 0.204824 0.30099 0.27628 -0.0834719 0.0770314 0.101845 0.0818377 
-0.597138 2.28066 0.278857 2726.16 -0.0220516 -0.173863 0.158088 0.285619 0.068725 -0.197599 0.233545 0.309455 -0.00678211 0.186202 0.0203268 0.589903 -0.0180098 0.173604 0.0230476 0.504478 
20
-0.574622 2.62225 -0.423372 15700 -0.414299 -0.0354002 0.431151 0.139412 0.0570082 -0.0975824 0.0863869 0.137837 -0.292157 -0.0849953 0.303499 0.38684 0.0420467 0.141121 0.0520796 0.472937 
-0.905349 2.5794 -0.518438 13844.8 -0.00719423 -0.25347 0.10266 0.304869 0.0662559 -0.199837 0.0758891 0.368409 -0.258342 0.15443 0.358771 0.172918 0.394589 0.174712 0.408648 0.209699 
-0.403639 2.40806 -0.163809 8587.21 -0.0712706 -0.279681 0.0712706 0.389753 0.110384 -0.0829556 0.324953 0.189007 0.139656 0.197572 0.23173 0.365077 0.0974126 0.0807746 0.548243 0.192898 
-0.791188 2.68537 -0.385058 4138.82 -0.287828 0.0137248 0.290155 0.0297009 0.254349 0.092416 0.273014 0.166096 -0.326025 0.0057967 0.331358 0.0191267 0.440695 0.150754 0.445205 0.157673 
0.269236 2.39991 -0.139859 20126.7 -0.101602 -0.117932 0.293283 0.179187 -0.00161978 -0.374518 0.0258828 0.505548 -0.30818 0.0119891 0.347865 0.0459974 0.0510467 0.174195 0.419472 0.184316 
0.15274 2.28126 0.149602 18561.4 0.0669174 -0.333644 0.135515 0.422304 0.023282 -0.0307453 0.249328 0.334482 -0.0319063 0.321042 0.0407016 0.330177 0.0363437 0.0674614 0.434759 0.319318 
-0.292172 2.30537 0.460075 14380.7 -0.114595 0.0125392 0.506156 0.0244879 0.0917893 0.116905 0.250526 0.138096 0.103477 0.235137 0.442459 0.305344 0.0877918 0.255207 0.303936 0.325178 
0.142667 2.3821 -0.328345 12655.9 -0.177725 -0.267827 0.290323 0.307758 0.199851 -0.226152 0.249197 0.265949 -0.076574 0.119423 0.349865 0.250667 0.166901 0.0934704 0.467708 0.181682 
-0.361717 2.2891 0.278327 12754.5 -0.144403 -0.129789 0.257514 0.163246 0.42336 -0.042036 0.462046 0.137319 0.0345926 0.141981 0.0721966 0.428233 0.147029 -0.00852657 0.371932 0.293266 
0.373943 2.34608 0.0987916 39187 -0.0410504 -0.25336 0.0589949 0.502408 0.0719983 -0.0607574 0.26873 0.276664 -0.144821 0.120652 0.287985 0.331891 0.239927 0.0264698 0.481785 0.039817 
0.337935 2.35794 -0.0113555 33733 -0.0923321 -0.047365 0.401919 0.185046 0.0664297 0.025296 0.503874 0.201556 -0.0714014 0.013097 0.21352 0.431689 0.0528179 -0.0254588 0.20036 0.461608 
0.539565 2.40861 -0.0204807 7084.79 -0.113281 -0.143338 0.120426 0.145102 -0.160264 -0.221192 0.178304 0.223092 -0.0222316 0.267889 0.238041 0.363352 -0.193307 0.434407 0.240974 0.479324 
-0.440297 2.29348 0.455424 3088.42 -0.0499146 -0.0458919 0.059501 0.0514294 0.0139972 0.100155 0.196534 0.206793 -0.193193 0.405864 0.303165 0.492148 -0.0025368 0.0417638 0.582763 0.141526 
0.281045 2.25111 0.591256 5140.48 -0.0225385 -0.255628 0.211453 0.450263 0.0107158 -0.326881 0.0388661 0.481587 -0.0921969 0.0284895 0.572488 0.0478424 0.0144508 0.0330408 0.0149161 0.0634731 
0.637359 2.38184 0.435294 5163.17 -0.0558274 -0.025178 0.335287 0.372337 0.000191067 0.0239901 0.155554 0.433467 -0.127336 0.0658829 0.472656 0.0751578 0.121515 -7.76378e-05 0.467236 0.223121 
0.568686 2.71622 -0.160616 4152.48 -0.0591242 -0.313932 0.279051 0.565825 -0.0987966 -0.144945 0.184151 0.43812 -0.0630238 0.205422 0.301081 0.27652 -0.0836082 0.076966 0.102163 0.0815726 
-0.597139 2.28069 0.278863 2708.46 -0.0218322 -0.174053 0.157709 0.284887 0.0689497 -0.198687 0.232224 0.311443 -0.00633585 0.185382 0.0190034 0.589004 -0.0184767 0.175286 0.0243846 0.504632 
20
-0.574628 2.62227 -0.423378 15940.9 -0.41375 -0.0362473 0.431447 0.139199 0.0576233 -0.0971739 0.0874962 0.138118 -0.292156 -0.0846482 0.302669 0.388208 0.0421498 0.140184 0.0521656 0.472671 
-0.905349 2.5794 -0.518438 13844.8 -0.00719423 -0.25347 0.10266 0.304869 0.0662559 -0.199837 0.0758891 0.368409 -0.258342 0.15443 0.358771 0.172918 0.394589 0.174712 0.408648 0.209699 
-0.403642 2.40807 -0.163811 8490.22 -0.0720776 -0.279867 0.0720776 0.390349 0.110311 -0.081377 0.323472 0.190922 0.139824 0.197656 0.230404 0.365723 0.0973555 0.0798606 0.548424 0.192175 
-0.791195 2.68538 -0.385069 4105.93 -0.286192 0.0129609 0.287987 0.028497 0.265698 0.0986883 0.284921 0.164294 -0.3217 0.00531155 0.327129 0.0192545 0.439677 0.138591 0.446319 0.149846 
0.269238 2.3999 -0.139859 20180.9 -0.101837 -0.117896 0.293548 0.179911 -0.00102205 -0.374431 0.0260466 0.505985 -0.307468 0.0119426 0.347852 0.0464401 0.0510031 0.174447 0.418637 0.184819 
0.15274 2.28126 0.149602 18528.8 0.0668058 -0.333186 0.135876 0.421433 0.0231349 -0.0314837 0.248899 0.33496 -0.0318308 0.320485 0.0401674 0.329285 0.0366992 0.0679466 0.437299 0.318797 
-0.292177 2.30537 0.460075 14370.6 -0.114658 0.0122289 0.506387 0.0233013 0.0919297 0.115682 0.248629 0.139146 0.10339 0.23558 0.440595 0.305714 0.0885626 0.256415 0.303692 0.327251 
0.142669 2.3821 -0.328347 12502.6 -0.179401 -0.267324 0.291027 0.307421 0.201398 -0.225816 0.250679 0.264951 -0.0770162 0.11978 0.349165 0.247155 0.167291 0.0934457 0.46737 0.184568 
-0.361721 2.28909 0.278328 12474.9 -0.144582 -0.12967 0.256522 0.162346 0.423905 -0.0422838 0.462359 0.136233 0.0343599 0.14202 0.0717956 0.428544 0.146867 -0.0080819 0.372009 0.293448 
0.373945 2.34609 0.0987923 39168.5 -0.0410394 -0.253369 0.0587893 0.501593 0.0721738 -0.0607019 0.268469 0.276521 -0.145181 0.121033 0.288201 0.331662 0.240351 0.0268156 0.482467 0.0397418 
0.337937 2.35793 -0.0113559 33651.8 -0.0923837 -0.047249 0.401695 0.185543 0.0663693 0.0257971 0.503955 0.200991 -0.0708155 0.0130248 0.213969 0.431839 0.052828 -0.0255279 0.200665 0.461352 
0.539565 2.4086 -0.0204818 7469.83 -0.11492 -0.145394 0.122269 0.147801 -0.158693 -0.220947 0.176549 0.222734 -0.0221786 0.271105 0.237961 0.360304 -0.194507 0.434433 0.241195 0.478366 
-0.440304 2.29348 0.455425 3068.33 -0.0502722 -0.0449703 0.0603243 0.0518385 0.0147383 0.0994253 0.195594 0.205717 -0.194536 0.405982 0.304895 0.492633 -0.00269217 0.0416971 0.581971 0.140219 
0.281043 2.2511 0.591258 5031.3 -0.0225081 -0.253843 0.206621 0.456194 0.0110166 -0.324002 0.0404138 0.483654 -0.0921419 0.0279238 0.571007 0.0464164 0.0148799 0.0310967 0.0154572 0.0625513 
0.637358 2.38184 0.435293 5083.39 -0.0564771 -0.0254138 0.332751 0.375695 0.00138518 0.0242482 0.157472 0.433823 -0.127591 0.066425 0.471464 0.0750463 0.121649 0.000272863 0.465529 0.224772 
0.568691 2.71624 -0.160617 4215.06 -0.0595599 -0.313917 0.279019 0.566093 -0.0988011 -0.144999 0.183487 0.438055 -0.0632087 0.205109 0.301225 0.276784 -0.0832581 0.0772331 0.101056 0.0820045 
-0.597139 2.28067 0.278864 2773.6 -0.022113 -0.172723 0.15833 0.281717 0.0693838 -0.198263 0.231604 0.309968 -0.00620872 0.184861 0.0203023 0.592419 -0.0183977 0.175585 0.0242296 0.504 
20
-0.574637 2.62229 -0.42338 15880.9 -0.414181 -0.0361112 0.431031 0.139057 0.0570778 -0.0979971 0.0861668 0.137361 -0.292649 -0.0847101 0.303849 0.387874 0.041734 0.140556 0.0520084 0.472266 
-0.905358 2.57939 -0.51844 13952.4 -0.00741789 -0.252795 0.103583 0.303039 0.0665178 -0.200062 0.0762368 0.368878 -0.259177 0.153911 0.359704 0.172033 0.394908 0.1748 0.408703 0.209147 
-0.403647 2.40807 -0.163809 8520.18 -0.0719905 -0.279572 0.0719905 0.389031 0.109984 -0.0819845 0.323425 0.189155 0.14008 0.197472 0.23172 0.364733 0.0966828 0.0795525 0.550482 0.191977 
-0.791203 2.68538 -0.385073 4081.34 -0.286273 0.0127312 0.2889 0.0294277 0.25945 0.0968542 0.279632 0.164608 -0.323617 0.00517964 0.32924 0.0189033 0.440812 0.144121 0.446003 0.153731 
0.269238 2.39991 -0.13986 20047.4 -0.101772 -0.117878 0.29346 0.179434 -0.00161246 -0.374178 0.0250045 0.506335 -0.307534 0.0119917 0.348281 0.0464406 0.0506864 0.174463 0.418299 0.185083 
0.152739 2.28124 0.149602 18567 0.0673085 -0.333168 0.134123 0.42228 0.0226768 -0.0311007 0.248833 0.335014 -0.0318864 0.320077 0.0399253 0.329264 0.0365717 0.0670265 0.438124 0.318067 
-0.29218 2.30537 0.460079 14185.8 -0.11506 0.0117717 0.507558 0.0248823 0.0919976 0.117459 0.248594 0.139397 0.103921 0.237408 0.440143 0.303643 0.0888482 0.256155 0.30136 0.327787 
0.14267 2.3821 -0.328348 12624.6 -0.179146 -0.267317 0.292846 0.307749 0.200698 -0.226335 0.250609 0.26535 -0.0760785 0.120924 0.347669 0.245622 0.166421 0.0938719 0.468811 0.182498 
-0.361725 2.2891 0.278332 12596 -0.14419 -0.129752 0.25564 0.163602 0.424354 -0.0419258 0.462253 0.136703 0.0347775 0.142414 0.0720432 0.428759 0.14692 -0.00834688 0.371573 0.292933 
0.373947 2.3461 0.0987936 39534.6 -0.0411502 -0.253276 0.0594357 0.502288 0.0720321 -0.0613035 0.267711 0.276527 -0.145129 0.120263 0.288731 0.331809 0.240073 0.0271717 0.481931 0.04027 
0.337936 2.35793 -0.0113559 33853.1 -0.0919375 -0.047564 0.402044 0.185541 0.0661165 0.0254774 0.505129 0.20132 -0.0710851 0.0133191 0.214146 0.431382 0.0531789 -0.0256528 0.200182 0.460185 
0.539567 2.40861 -0.0204834 7157.9 -0.115095 -0.146436 0.122775 0.149021 -0.159506 -0.223875 0.177027 0.225186 -0.0212986 0.271272 0.237077 0.358609 -0.195603 0.436983 0.242076 0.472927 
-0.440307 2.29348 0.455428 2998.18 -0.0491444 -0.0461322 0.0602699 0.0513797 0.0133108 0.101897 0.194189 0.204868 -0.193147 0.405711 0.304457 0.491345 -0.00276071 0.0403954 0.583863 0.142628 
0.281043 2.2511 0.591259 5067.79 -0.0210874 -0.251265 0.206414 0.460051 0.0100955 -0.321831 0.0396129 0.484412 -0.0917098 0.0265639 0.570133 0.0481815 0.0148159 0.029634 0.0154488 0.06331 
0.637356 2.38184 0.435289 5234.56 -0.0556648 -0.0264684 0.332347 0.375245 0.000106211 0.0232682 0.157478 0.432125 -0.127523 0.0671778 0.47585 0.0735749 0.120675 0.000872797 0.465481 0.221207 
0.568687 2.71625 -0.160621 4206.46 -0.0593361 -0.313925 0.279378 0.565733 -0.0985243 -0.145102 0.183934 0.438057 -0.063325 0.205493 0.301552 0.276138 -0.0832242 0.0770984 0.101445 0.0821514 
-0.597142 2.2807 0.278876 2815.52 -0.0223731 -0.172161 0.158772 0.280286 0.0687131 -0.198275 0.231904 0.311073 -0.00620202 0.184644 0.0212864 0.591594 -0.0180067 0.175997 0.0237751 0.505022 
20
-0.574639 2.62229 -0.423382 15701.9 -0.387264 -0.0197536 0.400301 0.13736 0.057225 -0.0905774 0.084021 0.131865 -0.269474 -0.0587664 0.27999 0.414092 0.0432152 0.150211 0.0517189 0.523733 
-0.905361 2.57939 -0.518443 13890.3 -0.00725529 -0.253045 0.102652 0.303076 0.0664594 -0.199374 0.0762469 0.369492 -0.258737 0.15393 0.359115 0.173057 0.395048 0.174672 0.409459 0.207906 
-0.403653 2.4081 -0.163812 8493.08 -0.0714557 -0.280292 0.0714557 0.390869 0.10971 -0.0827145 0.32183 0.190196 0.1399 0.197137 0.23224 0.365188 0.0976817 0.0803382 0.548902 0.191756 
-0.791202 2.68537 -0.385072 4094.23 -0.28667 0.0127824 0.289127 0.0293616 0.255918 0.0940904 0.276519 0.167314 -0.324669 0.00520585 0.330232 0.0197607 0.440757 0.147754 0.445718 0.156463 
0.26924 2.39991 -0.139861 20005 -0.101842 -0.117766 0.293394 0.179553 -0.0020228 -0.374306 0.025207 0.504441 -0.30793 0.0118857 0.348365 0.0466006 0.0508569 0.174515 0.419927 0.185345 
0.152738 2.28123 0.149602 18554.3 0.0671932 -0.332725 0.133461 0.422895 0.0224102 -0.0309238 0.249343 0.335789 -0.031945 0.319566 0.0402664 0.328841 0.0368826 0.0670467 0.438367 0.317437 
-0.292185 2.30537 0.460079 14408.2 -0.114507 0.0121374 0.505961 0.0271301 0.0921297 0.116676 0.25163 0.141994 0.102538 0.236739 0.439003 0.303675 0.0898496 0.256258 0.302339 0.328217 
0.142673 2.3821 -0.328349 12632.9 -0.178583 -0.267147 0.292124 0.306269 0.20018 -0.225674 0.249729 0.265598 -0.0753754 0.11938 0.348231 0.250538 0.165943 0.0929958 0.468198 0.185123 
-0.361728 2.2891 0.278331 12640.9 -0.144336 -0.129471 0.254745 0.163168 0.423649 -0.0421291 0.46201 0.136498 0.035586 0.142868 0.0726287 0.430773 0.145471 -0.00816342 0.37142 0.292973 
0.373949 2.34611 0.0987941 39487.3 -0.0410327 -0.253226 0.0592296 0.502393 0.0719023 -0.0609984 0.26774 0.277278 -0.144505 0.120633 0.288243 0.331921 0.239416 0.0272281 0.48212 0.0403858 
0.337937 2.35793 -0.0113569 33713.2 -0.0921198 -0.0476305 0.401795 0.185694 0.0662402 0.0255685 0.505279 0.201164 -0.0715241 0.0132359 0.21368 0.43184 0.0535216 -0.0258707 0.200466 0.459727 
0.539571 2.40862 -0.020484 7295.62 -0.114222 -0.144094 0.122168 0.146551 -0.159921 -0.223131 0.178984 0.224203 -0.0201101 0.269463 0.236028 0.359032 -0.196039 0.436457 0.243983 0.475352 
-0.440313 2.29347 0.455427 2933.43 -0.0487995 -0.0441836 0.0593525 0.0514352 0.0145699 0.101363 0.195108 0.205161 -0.19288 0.406504 0.303855 0.492436 -0.00340574 0.0416043 0.582747 0.142168 
0.281041 2.2511 0.591258 5223.33 -0.0222564 -0.250767 0.204728 0.461223 0.0115473 -0.321306 0.0414614 0.483834 -0.0920975 0.0255966 0.570769 0.0474467 0.0150198 0.0285772 0.0156814 0.0641103 
0.637355 2.38184 0.435289 5046.43 -0.0572591 -0.0259492 0.334086 0.372226 0.000366237 0.0239835 0.156868 0.434525 -0.127453 0.0663505 0.472765 0.0725252 0.119948 0.00151643 0.468602 0.220032 
0.568691 2.71628 -0.160618 4290.74 -0.0594796 -0.31401 0.279955 0.564461 -0.0985904 -0.145279 0.183773 0.438101 -0.0634186 0.205408 0.302616 0.27631 -0.0834016 0.0772121 0.102512 0.0822633 
-0.59714 2.28068 0.27887 2860.88 -0.0224045 -0.174816 0.159573 0.282248 0.0689968 -0.198223 0.229344 0.311363 -0.00708295 0.187003 0.0203696 0.588916 -0.0176343 0.175838 0.0228164 0.506117 
20
-0.574643 2.62231 -0.423385 15736.9 -0.401636 -0.0277255 0.416656 0.138002 0.0583063 -0.0937783 0.0861559 0.133999 -0.280625 -0.0719518 0.291882 0.400762 0.0424305 0.145718 0.0518727 0.496671 
-0.905364 2.57939 -0.518447 13664.6 -0.00674987 -0.253377 0.102416 0.303458 0.0662508 -0.200505 0.0757176 0.3698 -0.25824 0.154392 0.358779 0.172467 0.394723 0.175798 0.409005 0.207615 
-0.403655 2.40811 -0.163814 8524.7 -0.0713742 -0.280745 0.0713742 0.392481 0.110161 -0.0820912 0.321459 0.191355 0.139018 0.197974 0.231871 0.36548 0.0986495 0.0793431 0.547129 0.192 
-0.791202 2.68536 -0.385073 4116.45 -0.288024 0.0126668 0.290673 0.0300702 0.254565 0.0933816 0.274583 0.167538 -0.325087 0.00621655 0.330438 0.0192735 0.440037 0.149939 0.4453 0.157027 
0.269245 2.39992 -0.139863 19824.5 -0.10131 -0.117957 0.292724 0.179142 -0.00197908 -0.374412 0.0254234 0.505013 -0.308242 0.0116421 0.348318 0.0468051 0.0511476 0.173927 0.420297 0.184339 
0.15274 2.28121 0.149598 18455.3 0.0676697 -0.332336 0.133562 0.422838 0.0217144 -0.030709 0.249122 0.335062 -0.0317645 0.319173 0.0398227 0.328159 0.0367024 0.0670593 0.439865 0.317944 
-0.292185 2.30537 0.460079 14425.4 -0.114922 0.0108161 0.504803 0.030291 0.0915769 0.115906 0.248631 0.140265 0.101434 0.237577 0.441288 0.304176 0.0901062 0.25606 0.305176 0.326716 
0.142678 2.38211 -0.328352 12536.2 -0.177416 -0.266998 0.290863 0.306872 0.199027 -0.226022 0.248406 0.266666 -0.0754254 0.118931 0.348916 0.248955 0.165921 0.0940937 0.469899 0.184825 
-0.361728 2.2891 0.278332 12455.8 -0.143494 -0.130193 0.253956 0.16451 0.423376 -0.0420897 0.461398 0.136653 0.0350612 0.143373 0.0722447 0.429899 0.146588 -0.00793735 0.372472 0.293603 
0.373954 2.34612 0.098793 39225.8 -0.04141 -0.253071 0.0592387 0.502064 0.0721136 -0.0606804 0.267512 0.276398 -0.144979 0.12094 0.288267 0.331444 0.239846 0.0271715 0.483011 0.0406617 
0.337943 2.35793 -0.0113589 33874.3 -0.0921231 -0.0476176 0.402107 0.185872 0.0663026 0.0255955 0.504253 0.201305 -0.071356 0.0135482 0.213712 0.431861 0.0533236 -0.0256715 0.200695 0.460353 
0.539575 2.40862 -0.0204877 7413.14 -0.114164 -0.146085 0.12072 0.148103 -0.159747 -0.22041 0.178047 0.222468 -0.0218221 0.270709 0.238099 0.357924 -0.193486 0.433946 0.242684 0.48012 
-0.440316 2.29348 0.455428 3105.16 -0.0489896 -0.0454396 0.0589046 0.0510204 0.0146222 0.102501 0.195963 0.206362 -0.192467 0.406937 0.302356 0.493467 -0.00283816 0.0412853 0.582319 0.139069 
0.281044 2.25109 0.591257 5124.44 -0.0215348 -0.25199 0.20329 0.462266 0.0107864 -0.321817 0.0407757 0.484995 -0.0916274 0.0267828 0.569341 0.0459636 0.0142794 0.0293985 0.0149549 0.06037 
0.637358 2.38184 0.435285 5107.2 -0.0567595 -0.0269439 0.334478 0.375841 0.000596788 0.0244447 0.158006 0.436554 -0.125208 0.0670474 0.47047 0.0756435 0.120834 0.00261413 0.464855 0.220779 
0.568696 2.7163 -0.160618 4215.66 -0.0597868 -0.313644 0.279606 0.56529 -0.0983411 -0.145148 0.183661 0.439145 -0.0630355 0.20486 0.301497 0.275907 -0.0835744 0.0769107 0.102145 0.081825 
-0.597129 2.28066 0.278867 2764.6 -0.0208263 -0.172429 0.158678 0.28149 0.0674718 -0.198369 0.231149 0.310516 -0.00797233 0.185203 0.0206298 0.590258 -0.0172359 0.175236 0.0218499 0.506893 
20
-0.574654 2.6223 -0.423422 10947.9 -0.401482 -0.0314623 0.409912 0.108508 0.0491487 -0.0637844 0.0703691 0.0976588 -0.249245 -0.0771013 0.258903 0.429169 0.0331648 0.121162 0.0427207 0.537191 
-0.905369 2.57939 -0.518445 13642.6 -0.00666458 -0.252931 0.102162 0.303701 0.0661723 -0.200531 0.0753438 0.369173 -0.258824 0.154006 0.359706 0.172449 0.394731 0.175497 0.408862 0.207678 
-0.403661 2.40813 -0.163813 8562.87 -0.0708171 -0.280027 0.0708171 0.390394 0.109707 -0.082814 0.322527 0.188526 0.139547 0.197345 0.231434 0.365813 0.098085 0.0801243 0.549302 0.192563 
-0.791211 2.68537 -0.385075 4162.97 -0.286235 0.0128839 0.288804 0.0287533 0.265483 0.0973614 0.284611 0.165899 -0.321412 0.00493982 0.327156 0.019516 0.439526 0.139334 0.445749 0.150483 
0.269245 2.39992 -0.139863 19907.8 -0.101174 -0.118119 0.292658 0.180168 -0.00158239 -0.374782 0.0255282 0.506124 -0.307808 0.011582 0.348709 0.0458643 0.0507404 0.173786 0.418398 0.18439 
0.15274 2.28121 0.149598 18445.7 0.0675493 -0.332333 0.133141 0.422789 0.0218676 -0.0311024 0.24969 0.335154 -0.03164 0.319287 0.0402418 0.328411 0.0366439 0.0672152 0.439862 0.317207 
-0.292189 2.30537 0.460081 14454.2 -0.116068 0.0116179 0.50668 0.0264802 0.0932044 0.116127 0.25075 0.140192 0.102593 0.23602 0.439246 0.307135 0.0888649 0.255492 0.301549 0.326446 
0.142679 2.38212 -0.328354 12446.5 -0.178872 -0.266785 0.290877 0.30697 0.200191 -0.225545 0.249396 0.264873 -0.0766282 0.119685 0.348919 0.250945 0.166605 0.0939173 0.468409 0.183703 
-0.361732 2.2891 0.278333 12482.2 -0.142949 -0.129916 0.254578 0.165058 0.42399 -0.0420979 0.462273 0.136872 0.0350166 0.143265 0.0742588 0.427409 0.146994 -0.00857591 0.372544 0.293648 
0.373956 2.34614 0.0987936 39321.9 -0.0420782 -0.25241 0.0587851 0.502656 0.0727233 -0.0607698 0.268418 0.275882 -0.145088 0.12037 0.288723 0.331379 0.239767 0.0271658 0.482368 0.0404256 
0.337943 2.35793 -0.0113589 33880.3 -0.0920902 -0.047101 0.403134 0.185281 0.0664819 0.0251458 0.503293 0.201687 -0.0712463 0.0131486 0.213576 0.43164 0.0530225 -0.0252677 0.200482 0.46108 
0.539575 2.40862 -0.0204878 7081.95 -0.115171 -0.146838 0.121308 0.148545 -0.159336 -0.221685 0.178941 0.224368 -0.0215122 0.272368 0.237588 0.357038 -0.194818 0.435518 0.242321 0.47591 
-0.440322 2.29347 0.45543 3092.84 -0.0476276 -0.0469054 0.0573474 0.0513698 0.0138188 0.10066 0.19574 0.206372 -0.192105 0.407216 0.300647 0.495071 -0.00340792 0.0421364 0.582064 0.139794 
0.281042 2.25108 0.591255 5065.45 -0.0255969 -0.263562 0.228447 0.429021 0.010265 -0.336499 0.0345172 0.47183 -0.0936809 0.0313353 0.579272 0.0478836 0.0146427 0.0388612 0.0149805 0.0655096 
0.637359 2.38184 0.435285 5077.25 -0.0560727 -0.0266864 0.33458 0.377063 0.001121 0.0244524 0.15664 0.433711 -0.127042 0.0668716 0.469632 0.0750483 0.121287 0.00335244 0.465259 0.22519 
0.56867 2.71621 -0.160608 4201.8 -0.0596296 -0.313667 0.279201 0.565855 -0.0985621 -0.145234 0.183793 0.438444 -0.063 0.205057 0.300713 0.276969 -0.0834725 0.0770715 0.101797 0.0815935 
-0.597127 2.28064 0.278868 2827.97 -0.0224156 -0.170776 0.162247 0.285352 0.0684158 -0.198606 0.230229 0.313105 -0.00788264 0.18376 0.02105 0.589401 -0.017368 0.174062 0.0216218 0.504588 
20
-0.574657 2.62226 -0.423457 11133.9 -0.401594 -0.0317581 0.406849 0.0965132 0.0440979 -0.0497444 0.0608924 0.0811599 -0.232908 -0.0813775 0.241734 0.440847 0.0284494 0.109297 0.0377987 0.558944 
-0.905376 2.57939 -0.518445 13749.7 -0.00694588 -0.253687 0.10247 0.303341 0.0663469 -0.201491 0.0755686 0.366822 -0.258223 0.154295 0.359273 0.172631 0.39479 0.176201 0.409499 0.209368 
-0.403668 2.40814 -0.163811 8522.32 -0.0714182 -0.279859 0.0714182 0.389624 0.110144 -0.0828241 0.32427 0.188762 0.140065 0.197782 0.229166 0.366187 0.097174 0.0805608 0.549271 0.19207 
-0.791223 2.68539 -0.385079 4039.03 -0.285228 0.0127822 0.288578 0.028754 0.271697 0.100303 0.291353 0.164642 -0.319072 0.00501711 0.324784 0.0182005 0.439098 0.134125 0.444747 0.147863 
0.269245 2.39992 -0.139863 20038.1 -0.101944 -0.117969 0.292975 0.180149 -0.00102852 -0.374817 0.026157 0.504829 -0.308543 0.0119045 0.348151 0.0462861 0.0517236 0.174124 0.41897 0.18478 
0.152737 2.28118 0.149597 18450.7 0.0679158 -0.332853 0.13322 0.422708 0.0216762 -0.0310384 0.249688 0.335301 -0.0316064 0.319575 0.0401283 0.328533 0.0369722 0.0672319 0.438452 0.318043 
-0.292194 2.30537 0.460084 14584.2 -0.117655 0.0131139 0.507495 0.0244289 0.0942822 0.116805 0.250955 0.138539 0.102773 0.23439 0.438102 0.307039 0.0889983 0.255005 0.303106 0.3264 
0.142679 2.38213 -0.328355 12708.6 -0.17973 -0.267197 0.29221 0.306406 0.201224 -0.226103 0.251764 0.266879 -0.0769437 0.119337 0.346577 0.247226 0.167193 0.093983 0.468839 0.180972 
-0.361738 2.2891 0.278338 12620.5 -0.143252 -0.129411 0.254801 0.16523 0.42355 -0.0417561 0.463003 0.137487 0.0355465 0.141936 0.073671 0.428649 0.146126 -0.00921667 0.371358 0.293522 
0.373955 2.34614 0.0987947 39490.6 -0.0418262 -0.252448 0.0590955 0.503343 0.0722215 -0.060198 0.267701 0.276083 -0.145019 0.120387 0.289345 0.331287 0.23977 0.0267119 0.481855 0.039492 
0.337943 2.35793 -0.0113589 33675 -0.0914085 -0.0470244 0.403756 0.185244 0.0659488 0.0250574 0.504185 0.200282 -0.0715931 0.0129541 0.213262 0.43158 0.0531885 -0.0251859 0.199691 0.460895 
0.539575 2.40862 -0.020488 7161.15 -0.11486 -0.145144 0.121464 0.147375 -0.158934 -0.219896 0.178241 0.222763 -0.0213649 0.270241 0.235915 0.360396 -0.195848 0.434011 0.242216 0.479326 
-0.440328 2.29347 0.455434 3105.82 -0.0474218 -0.0487434 0.0582972 0.0526389 0.0138494 0.100252 0.195044 0.207224 -0.193178 0.407389 0.301313 0.493146 -0.00310076 0.0413777 0.582686 0.139411 
0.28104 2.25107 0.591256 5104.54 -0.02325 -0.258698 0.215942 0.445514 0.0100056 -0.328594 0.0375131 0.476954 -0.0926311 0.0298036 0.575427 0.0455582 0.0148619 0.0339277 0.0150308 0.0653818 
0.637358 2.38184 0.435284 5016.42 -0.0567985 -0.0257062 0.330832 0.377175 0.000726335 0.0258235 0.157575 0.433283 -0.127269 0.0660282 0.471616 0.0739806 0.121972 0.00179435 0.466718 0.223466 
0.568672 2.71623 -0.160608 4229.45 -0.0591478 -0.313549 0.278122 0.565599 -0.0990611 -0.14517 0.184472 0.438781 -0.0632985 0.204946 0.30185 0.276624 -0.0833724 0.0771029 0.101378 0.0816317 
-0.59713 2.28062 0.278876 2839.07 -0.0218401 -0.171996 0.159953 0.284425 0.0684694 -0.19908 0.23255 0.315231 -0.00687546 0.18487 0.0198515 0.587618 -0.01797 0.175639 0.0216225 0.504052 
20
-0.574658 2.62227 -0.423458 15579.9 -0.380469 -0.0177069 0.38732 0.116261 0.0495783 -0.066937 0.0702273 0.103194 -0.238683 -0.0567246 0.249122 0.439413 0.0352312 0.135248 0.0441981 0.569406 
-0.905376 2.57939 -0.518445 13749.7 -0.00694588 -0.253687 0.10247 0.303341 0.0663469 -0.201491 0.0755686 0.366822 -0.258223 0.154295 0.359273 0.172631 0.39479 0.176201 0.409499 0.209368 
-0.403675 2.40817 -0.163813 8419.91 -0.0707596 -0.27986 0.0707596 0.391052 0.109641 -0.0824529 0.325053 0.189373 0.139885 0.197409 0.230606 0.366883 0.0969527 0.0798717 0.547038 0.192417 
-0.791221 2.68538 -0.38508 4245.63 -0.285871 0.0139898 0.2897 0.0295056 0.262258 0.0963015 0.28111 0.165854 -0.323123 0.00566708 0.329387 0.0187672 0.439516 0.142874 0.444634 0.153513 
0.269247 2.39992 -0.139866 19994.2 -0.101331 -0.118205 0.29314 0.180167 -0.00144187 -0.374559 0.0271749 0.505477 -0.308903 0.0119243 0.347454 0.0459433 0.0526173 0.173897 0.418894 0.184219 
0.152735 2.28116 0.149596 18360.9 0.0677963 -0.333183 0.13267 0.42211 0.0216853 -0.0309341 0.248923 0.335753 -0.0315309 0.320001 0.0403707 0.329283 0.0368779 0.067244 0.438053 0.318217 
-0.292196 2.30537 0.460086 14291.1 -0.114615 0.0117431 0.506184 0.0254753 0.0920988 0.114858 0.250233 0.140102 0.103272 0.236053 0.43891 0.305156 0.0879229 0.257036 0.302607 0.329148 
0.14268 2.38213 -0.328359 12566.2 -0.179159 -0.266884 0.291124 0.305996 0.200548 -0.227244 0.251124 0.267507 -0.0758229 0.118886 0.348616 0.249247 0.165501 0.094841 0.467351 0.182782 
-0.36174 2.2891 0.27834 12423.9 -0.143668 -0.12886 0.254486 0.164659 0.42384 -0.0420155 0.463095 0.137635 0.0354493 0.141514 0.0740307 0.429218 0.145894 -0.00866347 0.371442 0.292813 
0.373957 2.34614 0.0987934 39428.6 -0.0418299 -0.25224 0.0589854 0.502915 0.0725588 -0.0610078 0.268154 0.276799 -0.145215 0.120721 0.289667 0.330933 0.239852 0.027373 0.481405 0.0399003 
0.337945 2.35792 -0.0113609 33682.8 -0.0912793 -0.0468533 0.403203 0.185801 0.06597 0.0253642 0.503982 0.200747 -0.0716222 0.0127509 0.214051 0.431099 0.0534171 -0.025353 0.200261 0.461001 
0.539579 2.40861 -0.0204911 7061.95 -0.115867 -0.146754 0.121993 0.148953 -0.157933 -0.219906 0.17788 0.222588 -0.0214546 0.270782 0.236778 0.361233 -0.195076 0.432824 0.242103 0.478627 
-0.440331 2.29347 0.455436 2983.78 -0.0480942 -0.0463394 0.0589045 0.0523078 0.0131307 0.100047 0.194984 0.204529 -0.193631 0.406932 0.302078 0.494039 -0.00382138 0.0418174 0.582572 0.140362 
0.28104 2.25106 0.591255 5180.11 -0.0258412 -0.267151 0.236056 0.42111 0.00975391 -0.339595 0.0327817 0.467356 -0.0936971 0.0341421 0.581966 0.0479787 0.015026 0.0404791 0.0151104 0.0676464 
0.637361 2.38184 0.435281 4997.73 -0.0551442 -0.0251357 0.332264 0.377185 -8.84331e-05 0.0279968 0.157855 0.43433 -0.128247 0.0663548 0.472086 0.0740391 0.122206 7.86582e-05 0.465857 0.219291 
0.568681 2.71625 -0.160614 4227.51 -0.0594878 -0.313818 0.279003 0.56519 -0.0987638 -0.145314 0.183544 0.438146 -0.0629273 0.204861 0.301629 0.278032 -0.0833442 0.0775641 0.101122 0.0822145 
-0.597125 2.28062 0.278883 2795.3 -0.0226997 -0.172861 0.162091 0.286173 0.0689168 -0.197647 0.231798 0.310829 -0.00638983 0.18548 0.0187599 0.587737 -0.0176422 0.175337 0.0223546 0.505394 
20
-0.574663 2.62229 -0.42346 15846.4 -0.370124 -0.00988632 0.377503 0.127576 0.0530864 -0.0751543 0.0754933 0.113869 -0.242143 -0.0452458 0.252416 0.438744 0.0396307 0.147926 0.0479 0.573983 
-0.905379 2.5794 -0.518448 13768 -0.00707832 -0.254077 0.102342 0.30316 0.0665032 -0.201486 0.0756857 0.367596 -0.257918 0.15461 0.359435 0.173454 0.394564 0.175933 0.408902 0.208782 
-0.403682 2.4082 -0.163815 8404.48 -0.0714833 -0.279962 0.0714833 0.390629 0.110045 -0.0839584 0.323289 0.18782 0.139689 0.197759 0.230992 0.367472 0.0973704 0.0817326 0.547007 0.193493 
-0.791219 2.68538 -0.385079 4144.31 -0.285937 0.0135624 0.289274 0.0313884 0.257808 0.0944335 0.276324 0.167142 -0.324818 0.00529267 0.330914 0.0184805 0.440498 0.147029 0.445088 0.155622 
0.269249 2.39992 -0.139867 19985.5 -0.101178 -0.118416 0.292598 0.179653 -0.00116543 -0.374166 0.0266216 0.505785 -0.308629 0.0118615 0.348068 0.0452516 0.0521966 0.173467 0.41967 0.183807 
0.152734 2.28114 0.149594 18432.8 0.0672747 -0.333765 0.133532 0.421721 0.0223533 -0.0309894 0.249021 0.335187 -0.0318356 0.320559 0.0405902 0.329435 0.0372439 0.0672037 0.437816 0.317857 
-0.292201 2.30537 0.460087 14348 -0.115377 0.0128491 0.506254 0.0241281 0.0925073 0.115683 0.249634 0.139617 0.103593 0.235568 0.439404 0.306134 0.0882857 0.256615 0.303604 0.327119 
0.142682 2.38213 -0.32836 12593.1 -0.180299 -0.265745 0.291545 0.306304 0.200911 -0.227622 0.249442 0.267751 -0.0770735 0.118365 0.349512 0.250684 0.165712 0.0953864 0.466128 0.182034 
-0.361744 2.2891 0.27834 12435.3 -0.14372 -0.128923 0.255601 0.164437 0.423948 -0.0430091 0.462704 0.137348 0.0350431 0.141885 0.0725972 0.428848 0.145813 -0.00777889 0.37226 0.292162 
0.373959 2.34615 0.0987939 39301.3 -0.0417108 -0.252424 0.059384 0.50188 0.072514 -0.0608778 0.268818 0.276434 -0.145329 0.120631 0.290391 0.331006 0.240235 0.0271275 0.48153 0.0399789 
0.337946 2.35793 -0.0113616 33587.7 -0.0911121 -0.0468235 0.402928 0.185641 0.0658803 0.0260841 0.503995 0.201078 -0.0711839 0.0127264 0.214242 0.431489 0.0533596 -0.0259424 0.200345 0.46071 
0.539581 2.40862 -0.0204912 6949.15 -0.115715 -0.144935 0.12341 0.147696 -0.159111 -0.222377 0.178244 0.224136 -0.0197936 0.270462 0.235922 0.359166 -0.196393 0.436705 0.242855 0.474591 
-0.440336 2.29346 0.455435 3097.73 -0.0480429 -0.0309583 0.0568265 0.0370264 0.0205553 0.083325 0.196698 0.19282 -0.178548 0.408231 0.312117 0.535918 -0.0216399 0.0594934 0.544467 0.141966 
0.281037 2.25106 0.591259 5103.21 -0.0239917 -0.2594 0.219751 0.440891 0.0100278 -0.330631 0.0375776 0.47655 -0.093408 0.0306565 0.575831 0.0459615 0.0146772 0.0349354 0.015051 0.0657012 
0.637361 2.38184 0.43528 5054.99 -0.0563382 -0.0252301 0.334559 0.378838 0.00172393 0.0265045 0.158352 0.433341 -0.127125 0.0669227 0.469719 0.0733029 0.121277 0.000516862 0.467068 0.21818 
0.568656 2.71613 -0.160606 4219.79 -0.0594799 -0.314038 0.278789 0.565341 -0.0988295 -0.145441 0.18384 0.438253 -0.0629065 0.205026 0.301623 0.277392 -0.0832658 0.0773809 0.100592 0.0822429 
-0.59713 2.28064 0.278882 2791.72 -0.0215149 -0.173161 0.158534 0.283325 0.0685824 -0.198474 0.232647 0.314473 -0.00645497 0.184398 0.0206054 0.587086 -0.0177442 0.174316 0.0218877 0.506591 
20
-0.574671 2.62227 -0.423496 10999 -0.385763 -0.0209721 0.390488 0.105692 0.0456136 -0.0552539 0.0643867 0.0897625 -0.228921 -0.0658045 0.237742 0.444994 0.031185 0.123212 0.0396087 0.578374 
-0.905385 2.5794 -0.518446 13726.6 -0.00716088 -0.253335 0.102247 0.303748 0.0667633 -0.201093 0.076059 0.367138 -0.258462 0.153985 0.360139 0.172073 0.394831 0.175855 0.408813 0.209291 
-0.403688 2.40822 -0.163813 8499.5 -0.0707851 -0.280444 0.0707851 0.389589 0.109391 -0.0837587 0.324007 0.18855 0.13939 0.197164 0.230295 0.36613 0.097959 0.0811647 0.548563 0.193694 
-0.791223 2.68538 -0.385079 4157.26 -0.286696 0.0147527 0.290307 0.0306145 0.256177 0.092782 0.274946 0.165694 -0.325135 0.00505785 0.331305 0.0177314 0.440191 0.149111 0.445475 0.156911 
0.269249 2.39992 -0.139867 19798 -0.101398 -0.118447 0.292065 0.180085 -0.00140041 -0.375268 0.0260234 0.505397 -0.308654 0.0120503 0.34736 0.0457303 0.0519981 0.173807 0.41955 0.184173 
0.152731 2.28111 0.149595 18573.3 0.0662356 -0.333745 0.134769 0.421775 0.0229708 -0.0310314 0.248842 0.335806 -0.0323264 0.320277 0.0405848 0.32911 0.0378359 0.067173 0.437461 0.317939 
-0.292205 2.30538 0.460092 14248.1 -0.113957 0.0128419 0.505687 0.0229001 0.0908405 0.116342 0.249542 0.138522 0.103635 0.235745 0.440504 0.306455 0.0880237 0.256656 0.303566 0.32753 
0.142683 2.38214 -0.328361 12332.2 -0.178928 -0.266965 0.290208 0.308211 0.198833 -0.227602 0.24778 0.267468 -0.075926 0.118296 0.349265 0.251518 0.165342 0.0950072 0.467323 0.182832 
-0.361747 2.2891 0.278344 12433.7 -0.143579 -0.12832 0.255471 0.163711 0.423883 -0.0417903 0.463209 0.138623 0.0353779 0.141479 0.0729899 0.42829 0.146277 -0.00816098 0.372285 0.292491 
0.373962 2.34617 0.0987954 39499.1 -0.0414363 -0.252746 0.0599906 0.501313 0.072657 -0.061023 0.269026 0.275424 -0.144928 0.121033 0.289131 0.332244 0.239991 0.0274972 0.482314 0.0403528 
0.337948 2.35794 -0.0113615 33843.2 -0.0916448 -0.0467686 0.403457 0.185299 0.0662628 0.0261564 0.503311 0.200687 -0.0705586 0.0127082 0.214894 0.431813 0.0527258 -0.0260435 0.20055 0.460611 
0.539582 2.40862 -0.0204912 6893.03 -0.115944 -0.143957 0.122895 0.146222 -0.158912 -0.223102 0.177769 0.224191 -0.0194802 0.269322 0.236171 0.361917 -0.197557 0.436359 0.242826 0.473628 
-0.440341 2.29347 0.455439 3018.05 -0.0478857 -0.0383972 0.0575798 0.0432742 0.0173753 0.0919178 0.197332 0.19841 -0.18502 0.407815 0.306859 0.515817 -0.0123014 0.0506783 0.563329 0.139188 
0.281037 2.25105 0.591259 5067.28 -0.0225468 -0.254973 0.212452 0.451265 0.0103094 -0.32661 0.0396996 0.480686 -0.09264 0.0283432 0.572578 0.0470951 0.0142896 0.0319379 0.0144765 0.0637048 
0.637359 2.38183 0.435276 5128.58 -0.0554842 -0.0244878 0.332228 0.378447 0.00010328 0.0247245 0.158473 0.433706 -0.127415 0.065681 0.469051 0.0728981 0.121348 0.00243071 0.465284 0.227307 
0.56866 2.71616 -0.160608 4248.47 -0.0594901 -0.313607 0.278396 0.565261 -0.098612 -0.145436 0.184164 0.438536 -0.0631775 0.204653 0.301882 0.277701 -0.0831616 0.0774698 0.100867 0.0822216 
-0.597123 2.28062 0.278889 2713.21 -0.0201755 -0.173237 0.158944 0.281908 0.067086 -0.198285 0.230649 0.311428 -0.00735605 0.184762 0.0208751 0.590025 -0.0178046 0.173851 0.0229571 0.506901 
20
-0.574683 2.62227 -0.423533 10968.6 -0.393537 -0.0276695 0.396865 0.0945295 0.0423935 -0.0446005 0.0582323 0.0762286 -0.22266 -0.0753071 0.230857 0.450039 0.0269133 0.110943 0.0363318 0.579125 
-0.905385 2.5794 -0.518446 13726.6 -0.00716088 -0.253335 0.102247 0.303748 0.0667633 -0.201093 0.076059 0.367138 -0.258462 0.153985 0.360139 0.172073 0.394831 0.175855 0.408813 0.209291 
-0.403696 2.40824 -0.163812 8483.09 -0.0707774 -0.280548 0.0707774 0.388408 0.109629 -0.0834672 0.324725 0.187139 0.139617 0.198044 0.229118 0.365519 0.0976559 0.0813967 0.550212 0.192951 
-0.791234 2.68538 -0.385079 3978.05 -0.285469 0.0139121 0.288737 0.0295961 0.266876 0.098785 0.282982 0.162813 -0.322214 0.00529414 0.32811 0.0181635 0.4398 0.13834 0.446546 0.148892 
0.269249 2.39993 -0.139867 20135.4 -0.101756 -0.118766 0.29231 0.180098 -0.000941435 -0.374948 0.0263761 0.505452 -0.308789 0.0123577 0.34752 0.046084 0.0522439 0.173578 0.419411 0.183652 
0.15273 2.28109 0.149593 18432.3 0.0671164 -0.333833 0.135062 0.422113 0.0224164 -0.0311315 0.248769 0.335555 -0.0324017 0.320339 0.0406575 0.328939 0.0379194 0.0674451 0.437115 0.31795 
-0.292207 2.30537 0.460093 14268.7 -0.114184 0.0130303 0.505401 0.024619 0.0909483 0.115582 0.24766 0.138032 0.102967 0.235833 0.439085 0.30664 0.0889695 0.257815 0.304308 0.329653 
0.142683 2.38214 -0.328361 12512.2 -0.179874 -0.266015 0.291338 0.306822 0.199874 -0.227994 0.249413 0.268367 -0.076021 0.118653 0.348311 0.252098 0.16592 0.0949728 0.466593 0.180773 
-0.361751 2.2891 0.278347 12604.5 -0.143572 -0.129294 0.254727 0.163769 0.423273 -0.042324 0.462565 0.138404 0.0342815 0.141701 0.0738792 0.427974 0.147088 -0.00757357 0.373727 0.292641 
0.373962 2.34617 0.0987958 39427.2 -0.0418139 -0.253386 0.059722 0.500365 0.0728573 -0.0607121 0.269617 0.276245 -0.144374 0.121553 0.288948 0.332897 0.239543 0.0272622 0.482148 0.0398354 
0.337949 2.35794 -0.0113617 33758.6 -0.091686 -0.0468575 0.402787 0.185457 0.0663675 0.0257924 0.503697 0.200817 -0.0704908 0.013031 0.213972 0.431772 0.0527096 -0.0256295 0.200343 0.461229 
0.539583 2.40862 -0.0204922 7247.25 -0.116549 -0.143937 0.123359 0.146264 -0.157542 -0.2223 0.176933 0.223467 -0.0215081 0.268092 0.236689 0.362094 -0.194761 0.434654 0.241756 0.478293 
-0.440346 2.29346 0.455443 3068.23 -0.0470281 -0.0273512 0.0553036 0.0346612 0.0226624 0.0807391 0.199059 0.190538 -0.173903 0.407965 0.314759 0.545977 -0.0262121 0.0626699 0.535832 0.140522 
0.281037 2.25105 0.591259 5011.38 -0.0251775 -0.264752 0.234019 0.424354 0.0100475 -0.338526 0.0350554 0.468872 -0.0945789 0.0334231 0.580596 0.0484112 0.0154983 0.039234 0.0155918 0.0685298 
0.637358 2.38182 0.435274 5101.73 -0.0565938 -0.0254662 0.33201 0.377548 -0.000699919 0.0252164 0.156394 0.433248 -0.126926 0.0648036 0.469447 0.0708588 0.120356 0.00227223 0.467268 0.227918 
0.56866 2.71618 -0.160605 4211.39 -0.0593951 -0.313736 0.279112 0.56541 -0.0991315 -0.145392 0.183588 0.438594 -0.0627693 0.204782 0.300914 0.277577 -0.0836938 0.0774438 0.10093 0.0821455 
-0.597129 2.28063 0.2789 2740.87 -0.0208562 -0.173835 0.156537 0.284935 0.0672014 -0.198075 0.229138 0.31276 -0.00704532 0.184973 0.021156 0.590218 -0.0179384 0.173364 0.0229598 0.50552 
20
-0.574689 2.62225 -0.423571 11027.1 -0.396576 -0.0316858 0.399167 0.0877502 0.0402869 -0.0399769 0.0547003 0.0705442 -0.219771 -0.0784601 0.227275 0.454199 0.0245355 0.103735 0.0343952 0.579853 
-0.905385 2.5794 -0.518446 13726.6 -0.00716088 -0.253335 0.102247 0.303748 0.0667633 -0.201093 0.076059 0.367138 -0.258462 0.153985 0.360139 0.172073 0.394831 0.175855 0.408813 0.209291 
-0.403697 2.40824 -0.163809 8534.75 -0.0700873 -0.279806 0.0700873 0.389957 0.108906 -0.0832238 0.324399 0.187525 0.139408 0.197529 0.230413 0.365767 0.0975889 0.0813266 0.549151 0.193851 
-0.791234 2.68538 -0.385076 4108.25 -0.279559 0.014909 0.286747 0.0316837 0.261705 0.102271 0.287998 0.168972 -0.319998 0.00706818 0.32927 0.0200008 0.437829 0.140278 0.447608 0.156432 
0.26925 2.39993 -0.139868 19892 -0.101479 -0.118925 0.293013 0.179188 -0.00122501 -0.374027 0.0266856 0.50622 -0.308691 0.0125857 0.347057 0.0458142 0.0518928 0.172565 0.419998 0.183987 
0.152727 2.28106 0.149592 18567 0.067248 -0.333248 0.134815 0.422011 0.0220957 -0.0309357 0.249374 0.33551 -0.0324837 0.319794 0.041125 0.328601 0.0377105 0.0672193 0.438187 0.317818 
-0.29221 2.30538 0.460096 14157.1 -0.113232 0.0126007 0.504102 0.0265941 0.0906042 0.115454 0.248412 0.141013 0.102967 0.235874 0.440218 0.3073 0.0887489 0.257241 0.302844 0.329843 
0.142684 2.38215 -0.328362 12669.9 -0.1785 -0.267723 0.289296 0.307551 0.198688 -0.227677 0.248267 0.267422 -0.0769001 0.119651 0.349043 0.252471 0.166887 0.095106 0.466506 0.182625 
-0.361754 2.2891 0.278349 12635.7 -0.142959 -0.129301 0.253972 0.163011 0.42328 -0.0423269 0.462696 0.138159 0.0347343 0.142114 0.074 0.428361 0.146936 -0.00834212 0.373731 0.293121 
0.373964 2.34618 0.0987963 39146.8 -0.0416853 -0.253373 0.0599749 0.50068 0.0725901 -0.0606134 0.269064 0.275355 -0.144452 0.121609 0.289336 0.332536 0.239475 0.0270606 0.482691 0.0400091 
0.33795 2.35794 -0.011362 33781.8 -0.0912748 -0.0468354 0.403518 0.18518 0.0660652 0.0257147 0.503875 0.200495 -0.0706185 0.0131227 0.214486 0.431347 0.0527681 -0.0254822 0.200514 0.460842 
0.539584 2.40862 -0.0204935 7128.02 -0.114693 -0.143706 0.121907 0.145716 -0.159699 -0.221041 0.178946 0.22386 -0.0216399 0.267427 0.234585 0.363173 -0.194205 0.433111 0.242384 0.480182 
-0.440353 2.29347 0.455448 3055 -0.047573 -0.0213316 0.0553418 0.0290717 0.0266993 0.0753491 0.196723 0.184689 -0.16763 0.408971 0.319207 0.561523 -0.0337191 0.0678502 0.522169 0.142253 
0.281036 2.25104 0.591257 5083.58 -0.0271959 -0.270235 0.244681 0.410116 0.0100038 -0.345194 0.0315889 0.463762 -0.0946057 0.0358436 0.584225 0.0492312 0.0147923 0.0433261 0.0168684 0.0691773 
0.637357 2.38181 0.43527 5224.14 -0.0568281 -0.0261848 0.334493 0.377152 0.000244663 0.024242 0.155418 0.435152 -0.127685 0.0650902 0.468733 0.0733462 0.121175 0.00206378 0.465725 0.224858 
0.568663 2.7162 -0.160605 4257.97 -0.0598992 -0.314014 0.279142 0.565444 -0.0987862 -0.145314 0.183331 0.438476 -0.0628769 0.20481 0.301108 0.277399 -0.0831874 0.0777478 0.100549 0.0825748 
-0.597131 2.28065 0.278906 2805.91 -0.0216261 -0.174094 0.15737 0.285159 0.0686322 -0.197618 0.229027 0.311455 -0.00697902 0.185656 0.0201418 0.589224 -0.018082 0.172441 0.0227969 0.50714 
20
-0.574689 2.62225 -0.423571 11027.1 -0.396576 -0.0316858 0.399167 0.0877502 0.0402869 -0.0399769 0.0547003 0.0705442 -0.219771 -0.0784601 0.227275 0.454199 0.0245355 0.103735 0.0343952 0.579853 
-0.905385 2.5794 -0.518446 13726.6 -0.00716088 -0.253335 0.102247 0.303748 0.0667633 -0.201093 0.076059 0.367138 -0.258462 0.153985 0.360139 0.172073 0.394831 0.175855 0.408813 0.209291 
-0.403699 2.40824 -0.16381 8483.98 -0.0699895 -0.279938 0.0699895 0.390322 0.108543 -0.0832096 0.325717 0.186614 0.139278 0.197643 0.230914 0.365921 0.0974875 0.0810518 0.548085 0.194164 
-0.791238 2.68539 -0.385082 3977.19 -0.283017 0.0154667 0.287759 0.030877 0.257539 0.0978389 0.28078 0.168755 -0.323384 0.00598768 0.330156 0.0189428 0.439681 0.145669 0.446202 0.157106 
0.269252 2.39993 -0.139868 20172.8 -0.101924 -0.118988 0.292907 0.179543 -0.000737115 -0.374569 0.0261142 0.506825 -0.308652 0.0125703 0.346076 0.0455796 0.0519881 0.173253 0.41907 0.184259 
0.152722 2.28101 0.14959 18563.3 0.0668254 -0.333338 0.135089 0.422182 0.0226738 -0.0308916 0.248936 0.334645 -0.0322323 0.319821 0.0410792 0.329032 0.0374875 0.0673463 0.438223 0.318197 
-0.292215 2.30538 0.460097 14178.9 -0.113205 0.0116728 0.505158 0.0258725 0.0900981 0.116657 0.247391 0.140379 0.103958 0.23687 0.44136 0.305955 0.0873532 0.255965 0.304398 0.327703 
0.142685 2.38214 -0.328363 12429.2 -0.179384 -0.266567 0.290071 0.306811 0.199715 -0.227084 0.248918 0.266705 -0.0777901 0.11923 0.348383 0.254427 0.167374 0.0939404 0.46566 0.184015 
-0.361759 2.28911 0.27835 12649.2 -0.142966 -0.129539 0.253653 0.16226 0.423339 -0.0429342 0.46257 0.136847 0.0350031 0.142358 0.0743452 0.429692 0.146369 -0.00740859 0.372482 0.294051 
0.373964 2.34618 0.0987964 39079.7 -0.0416421 -0.253688 0.0597314 0.500944 0.0722567 -0.060134 0.26824 0.275463 -0.144557 0.12165 0.289297 0.332615 0.239666 0.0267897 0.482648 0.0399166 
0.33795 2.35794 -0.0113622 33646.6 -0.0913843 -0.0474345 0.402998 0.185346 0.0660136 0.0255251 0.503797 0.200988 -0.0707343 0.0135241 0.213722 0.431432 0.0529337 -0.0255593 0.200577 0.461231 
0.539584 2.40861 -0.0204942 6957.17 -0.113781 -0.144379 0.120396 0.146232 -0.160787 -0.221983 0.179477 0.224228 -0.0206562 0.268569 0.235115 0.363484 -0.196399 0.434902 0.24168 0.475989 
-0.440361 2.29348 0.45545 3059.61 -0.0480283 -0.0186531 0.0557313 0.0265969 0.028128 0.0713519 0.197142 0.180546 -0.163682 0.409165 0.321352 0.5698 -0.0379021 0.0719931 0.514778 0.143898 
0.281033 2.25103 0.591257 5037.9 -0.0237528 -0.261559 0.224458 0.436283 0.00995382 -0.333429 0.036501 0.473606 -0.0932701 0.0320012 0.576891 0.047829 0.015069 0.0363448 0.0161071 0.0659404 
0.637354 2.3818 0.435267 5162.12 -0.0572481 -0.0253118 0.335652 0.375579 0.000471132 0.0252824 0.155349 0.436377 -0.126815 0.0646682 0.46734 0.0737758 0.122285 0.00142138 0.464898 0.227821 
0.568667 2.71622 -0.160607 4247.37 -0.059935 -0.313936 0.279255 0.565776 -0.0982617 -0.145311 0.18389 0.438171 -0.0630608 0.204927 0.3016 0.276641 -0.0831734 0.0771528 0.100752 0.081835 
-0.59713 2.28064 0.278906 2668.93 -0.0208037 -0.17404 0.156568 0.287183 0.0684229 -0.198921 0.227669 0.312646 -0.00629252 0.186052 0.0196445 0.588925 -0.0185485 0.174074 0.0221999 0.505378 
0 0 0 4197.45 -0.108731 -0.0533492 0.224809 0.102811 0.22056 -0.0396441 0.288737 0.240768 0.173556 0.0784782 0.199668 0.476809 0.00812559 0.138064 0.144031 0.623938 
20
-0.574696 2.62224 -0.423608 11071.7 -0.398317 -0.0331193 0.400224 0.0864818 0.0391045 -0.0380353 0.0540649 0.0664428 -0.217371 -0.0817921 0.225058 0.455276 0.0229489 0.10093 0.0333356 0.580825 
-0.905392 2.57941 -0.518448 13706.2 -0.00727558 -0.254735 0.102356 0.303945 0.0669325 -0.200305 0.0763882 0.366353 -0.258476 0.155237 0.358928 0.172248 0.395248 0.175688 0.409251 0.208694 
-0.403704 2.40824 -0.163808 8487.8 -0.070966 -0.280186 0.070966 0.390528 0.109993 -0.0829742 0.322611 0.188798 0.139211 0.198184 0.23107 0.366303 0.0976533 0.0805927 0.548442 0.19269 
-0.791242 2.68539 -0.385083 4055.44 -0.285182 0.0157782 0.289159 0.0308071 0.255397 0.0973348 0.276769 0.167035 -0.325205 0.0044865 0.331137 0.0185439 0.440671 0.146577 0.445414 0.156765 
0.269252 2.39993 -0.139869 20145.7 -0.101931 -0.118734 0.293081 0.179397 -0.000784695 -0.374905 0.0255035 0.506062 -0.307803 0.0119678 0.347338 0.0453743 0.0511731 0.173776 0.418822 0.185209 
0.15272 2.28101 0.149591 18464.6 0.0672579 -0.333272 0.134862 0.422357 0.0226412 -0.0309171 0.248873 0.335028 -0.0319366 0.320243 0.0410837 0.329657 0.0372572 0.0672812 0.437495 0.317686 
-0.29222 2.30538 0.4601 14294.8 -0.115397 0.0122413 0.506615 0.0239676 0.0920617 0.117363 0.250261 0.139712 0.102868 0.235136 0.440171 0.305056 0.0882353 0.254592 0.305487 0.325943 
0.142685 2.38214 -0.328364 12548 -0.178357 -0.266807 0.289841 0.307174 0.199353 -0.22606 0.248844 0.266197 -0.0765905 0.119358 0.348211 0.249773 0.166529 0.0930911 0.469274 0.185964 
-0.361765 2.28912 0.278352 12502.6 -0.143208 -0.12921 0.254508 0.163051 0.423388 -0.0426267 0.463348 0.136801 0.0356715 0.142236 0.0728087 0.429422 0.145714 -0.00778146 0.371792 0.29362 
0.373964 2.34619 0.0987972 39075.6 -0.0413153 -0.252906 0.0596683 0.50183 0.0721497 -0.0599632 0.268012 0.275172 -0.145142 0.12113 0.290067 0.332041 0.240348 0.0265334 0.482083 0.0396885 
0.337951 2.35795 -0.0113622 33697.2 -0.0913794 -0.0477726 0.402615 0.18562 0.0661619 0.0255776 0.5041 0.201131 -0.0706232 0.013879 0.213638 0.431615 0.0529188 -0.0255437 0.200377 0.460969 
0.539582 2.4086 -0.0204951 6986.86 -0.114211 -0.143066 0.120605 0.144425 -0.160296 -0.2206 0.178626 0.223254 -0.0219471 0.268296 0.237274 0.363569 -0.195009 0.434518 0.241901 0.478145 
-0.440366 2.29348 0.45545 3067.61 -0.0468144 -0.0320265 0.0568679 0.0387961 0.0193497 0.0853479 0.198597 0.191128 -0.178335 0.408426 0.312322 0.530862 -0.0203203 0.057704 0.549378 0.140605 
0.28103 2.25103 0.591258 5033.32 -0.0222664 -0.257094 0.214347 0.449897 0.0104326 -0.327223 0.0388569 0.479888 -0.0924082 0.0307304 0.5723 0.0452717 0.0143426 0.032657 0.0150429 0.0620116 
0.637354 2.3818 0.435266 5021.8 -0.0565612 -0.0246857 0.333591 0.375484 -0.000209573 0.0258665 0.153992 0.440361 -0.12646 0.0649831 0.466989 0.0738804 0.120885 0.00125266 0.46444 0.226916 
0.568672 2.71624 -0.160605 4205.11 -0.060134 -0.314034 0.279262 0.565602 -0.0979377 -0.14566 0.184304 0.438328 -0.0628242 0.204994 0.300588 0.277094 -0.0833728 0.077229 0.101164 0.0819014 
-0.597132 2.28063 0.278908 2745.58 -0.0216933 -0.173154 0.156378 0.285856 0.0680972 -0.197642 0.229387 0.310637 -0.00603057 0.18525 0.0193735 0.591006 -0.0177257 0.173785 0.0221708 0.505475 
-0.798084 2.66407 -0.50229 4215.07 -0.10863 -0.0529098 0.225281 0.102332 0.220267 -0.0403194 0.288924 0.239845 0.173869 0.0784888 0.199445 0.476326 0.00774126 0.138769 0.144634 0.624288 
20
-0.574698 2.6222 -0.423642 11277.4 -0.400417 -0.0319578 0.402414 0.0855618 0.038711 -0.0352018 0.0520282 0.0656388 -0.216652 -0.0854851 0.224041 0.453718 0.0231461 0.0993265 0.0342293 0.580605 
-0.905392 2.57941 -0.518448 13706.2 -0.00727558 -0.254735 0.102356 0.303945 0.0669325 -0.200305 0.0763882 0.366353 -0.258476 0.155237 0.358928 0.172248 0.395248 0.175688 0.409251 0.208694 
-0.403711 2.40826 -0.163807 8564.19 -0.0717125 -0.28053 0.0717125 0.390361 0.110445 -0.083116 0.322789 0.188214 0.139162 0.198555 0.230358 0.365308 0.0979864 0.0807765 0.54888 0.192857 
-0.791246 2.6854 -0.385086 4068.97 -0.285312 0.0149644 0.289099 0.0293441 0.266998 0.0986325 0.286429 0.16307 -0.320988 0.00394141 0.326678 0.0183448 0.439069 0.138994 0.445413 0.152323 
0.269252 2.39993 -0.139868 20182.9 -0.1023 -0.118592 0.292748 0.179681 -0.00108152 -0.37414 0.0258839 0.506452 -0.30799 0.0121496 0.34751 0.0457079 0.0510729 0.173495 0.419095 0.184727 
0.152718 2.28099 0.149591 18559.2 0.0674769 -0.332962 0.134094 0.423797 0.0222671 -0.0311072 0.249296 0.335469 -0.0321507 0.319482 0.0408733 0.328695 0.037648 0.0673082 0.437627 0.317114 
-0.292225 2.30539 0.460104 14198.2 -0.114028 0.0122473 0.506145 0.0247648 0.0909661 0.117959 0.250056 0.138912 0.103891 0.235505 0.441764 0.305501 0.0872464 0.254787 0.303735 0.326297 
0.142685 2.38215 -0.328364 12809.8 -0.177824 -0.266632 0.289911 0.305862 0.19941 -0.226309 0.249125 0.267209 -0.0774817 0.118627 0.350399 0.245219 0.16767 0.0936714 0.469881 0.185783 
-0.36177 2.28912 0.278356 12539.5 -0.143737 -0.129613 0.255134 0.163898 0.423841 -0.0424102 0.462347 0.137053 0.0353053 0.142808 0.0731014 0.429325 0.146656 -0.00778812 0.371503 0.29274 
0.373964 2.34619 0.0987984 39412.6 -0.0415188 -0.253586 0.0590347 0.501824 0.0723187 -0.0597155 0.268273 0.275278 -0.145317 0.121639 0.29011 0.33195 0.240108 0.0264524 0.481566 0.0397829 
0.337952 2.35795 -0.0113611 33696.9 -0.0916179 -0.047522 0.403013 0.185835 0.0661751 0.0255132 0.504199 0.200973 -0.0711313 0.0136796 0.213386 0.431148 0.052998 -0.0256269 0.200158 0.461038 
0.539585 2.4086 -0.0204946 7055.4 -0.114124 -0.145101 0.121346 0.147534 -0.159758 -0.222351 0.178367 0.223887 -0.0206898 0.269954 0.236941 0.3618 -0.195065 0.436016 0.241141 0.475195 
-0.440371 2.29348 0.455454 3102.48 -0.0470427 -0.0412629 0.0571685 0.046726 0.0165041 0.0919641 0.197324 0.197303 -0.186063 0.407764 0.308453 0.511432 -0.0110001 0.0497447 0.565774 0.141695 
0.281028 2.25102 0.59126 5071.02 -0.0218811 -0.253723 0.209432 0.454401 0.0104373 -0.32468 0.0398041 0.482038 -0.092956 0.0284202 0.572394 0.0451804 0.0146507 0.030643 0.0150008 0.0626051 
0.637353 2.3818 0.435266 5097.24 -0.0551169 -0.0260584 0.332019 0.376086 0.000162542 0.024015 0.154023 0.435669 -0.12673 0.0654247 0.471308 0.0730305 0.120406 0.00233737 0.466763 0.224113 
0.568675 2.71626 -0.160606 4229.63 -0.059901 -0.313854 0.279146 0.564878 -0.0982291 -0.145633 0.183802 0.439061 -0.0628277 0.205334 0.301972 0.27616 -0.0833458 0.0773954 0.100991 0.0823347 
-0.59714 2.28066 0.27892 2850.86 -0.0216065 -0.172801 0.157653 0.288382 0.0679642 -0.197956 0.228614 0.31314 -0.00749301 0.185036 0.0210666 0.589654 -0.0170393 0.174526 0.0221844 0.503797 
-0.798175 2.66367 -0.502294 4265.6 -0.108545 -0.0527414 0.225848 0.102515 0.220413 -0.0404877 0.290106 0.239756 0.17353 0.0786988 0.199722 0.475771 0.00757632 0.138603 0.145378 0.623773 
20
-0.574704 2.62217 -0.423676 11137.2 -0.400615 -0.0320416 0.403075 0.0856261 0.0389137 -0.0350358 0.0520893 0.0661179 -0.216804 -0.0854557 0.224298 0.454029 0.0234677 0.0986054 0.0347233 0.5799 
-0.9054 2.57941 -0.518448 13785.2 -0.0075283 -0.254402 0.101516 0.302339 0.0670924 -0.200059 0.0766841 0.367924 -0.258677 0.155235 0.357485 0.173388 0.395411 0.175218 0.410041 0.208959 
-0.40372 2.40829 -0.163807 8619.98 -0.0720091 -0.280276 0.0720091 0.389395 0.109833 -0.082827 0.324725 0.186788 0.138511 0.198114 0.231455 0.36571 0.0983139 0.0807284 0.54876 0.192609 
-0.79125 2.6854 -0.385084 4193 -0.287101 0.0136307 0.290342 0.0294817 0.261288 0.0945959 0.280346 0.165585 -0.323095 0.00506727 0.328113 0.018696 0.439586 0.145435 0.444569 0.155354 
0.269252 2.39994 -0.139868 20140 -0.102146 -0.118448 0.293139 0.178533 -0.00150634 -0.373289 0.0254127 0.506255 -0.308052 0.0121264 0.3487 0.0453976 0.0511612 0.173087 0.419595 0.184673 
0.152718 2.28099 0.149593 18607.1 0.0671111 -0.333294 0.134152 0.423382 0.0225841 -0.0314742 0.249002 0.336088 -0.0323818 0.319843 0.0406081 0.328949 0.037716 0.0678542 0.437014 0.316994 
-0.292229 2.30538 0.460106 14590.7 -0.114523 0.0127526 0.505846 0.0253905 0.0915604 0.115952 0.25 0.139257 0.103241 0.235141 0.438074 0.307332 0.0884352 0.255909 0.305057 0.32824 
0.142685 2.38214 -0.328364 12486.4 -0.177362 -0.267014 0.289145 0.307763 0.198667 -0.225083 0.248555 0.26661 -0.0774243 0.119354 0.35038 0.246605 0.167678 0.092146 0.470468 0.184713 
-0.361775 2.28912 0.278359 12557.6 -0.143482 -0.130202 0.254445 0.16559 0.423675 -0.0421496 0.463295 0.137655 0.0347649 0.143311 0.0722719 0.427524 0.146687 -0.0087625 0.372427 0.29218 
0.373965 2.34619 0.0987995 39441.5 -0.0417623 -0.25344 0.0587024 0.501392 0.0725338 -0.0600015 0.268407 0.275255 -0.144987 0.121816 0.289347 0.332524 0.239751 0.0265196 0.482289 0.0396225 
0.337953 2.35795 -0.0113611 33529.2 -0.0915705 -0.0472008 0.402868 0.185602 0.0659714 0.025076 0.504889 0.2004 -0.0713221 0.0129778 0.213272 0.430889 0.0530147 -0.02571 0.200166 0.461125 
0.539586 2.40861 -0.0204946 7125.37 -0.113893 -0.145224 0.12126 0.147124 -0.16014 -0.221765 0.177446 0.223157 -0.0217465 0.269791 0.237955 0.365273 -0.194221 0.435406 0.239253 0.474948 
-0.440378 2.29348 0.455458 3005.14 -0.0480572 -0.0421274 0.0585891 0.0502027 0.0153708 0.0985512 0.198446 0.202193 -0.190114 0.404857 0.306432 0.499969 -0.00624434 0.0430115 0.575465 0.143305 
0.281026 2.25102 0.591263 5114.2 -0.0218602 -0.252945 0.207787 0.457124 0.0101208 -0.322669 0.040587 0.485009 -0.0917605 0.0277386 0.570441 0.0455881 0.0143703 0.0295713 0.0152349 0.0619145 
0.637351 2.38179 0.435263 5299.06 -0.0555861 -0.0264908 0.332378 0.373372 0.000728849 0.0240812 0.15675 0.435734 -0.126884 0.0663934 0.472158 0.073311 0.120533 0.00110881 0.465364 0.226559 
0.568677 2.71628 -0.160605 4204.69 -0.0594444 -0.313916 0.279082 0.564345 -0.0985437 -0.145554 0.184012 0.439018 -0.0631117 0.205253 0.302084 0.276967 -0.08336 0.0774038 0.101539 0.0819932 
-0.59713 2.2806 0.278918 2852.01 -0.0215803 -0.172072 0.159887 0.286722 0.0683546 -0.198031 0.230407 0.312489 -0.00794305 0.184737 0.0211086 0.588778 -0.0167237 0.174352 0.0219365 0.505009 
-0.799493 2.66669 -0.502754 4211.49 -0.108241 -0.0527745 0.224988 0.102213 0.22047 -0.0396731 0.290874 0.239507 0.174394 0.0791892 0.200178 0.475429 0.00713587 0.138324 0.146231 0.623631 
20
-0.574704 2.62217 -0.423676 11137.2 -0.400615 -0.0320416 0.403075 0.0856261 0.0389137 -0.0350358 0.0520893 0.0661179 -0.216804 -0.0854557 0.224298 0.454029 0.0234677 0.0986054 0.0347233 0.5799 
-0.9054 2.57941 -0.518448 13785.2 -0.0075283 -0.254402 0.101516 0.302339 0.0670924 -0.200059 0.0766841 0.367924 -0.258677 0.155235 0.357485 0.173388 0.395411 0.175218 0.410041 0.208959 
-0.403724 2.4083 -0.163808 8382.17 -0.0708435 -0.280446 0.0708435 0.38897 0.109039 -0.082684 0.32514 0.187041 0.140469 0.196734 0.230985 0.36564 0.0975681 0.0803457 0.549309 0.193312 
-0.791254 2.68539 -0.385089 4191.19 -0.286168 0.0136409 0.288628 0.0293537 0.269272 0.0986427 0.284991 0.163677 -0.320942 0.00522684 0.326026 0.0183424 0.438888 0.137939 0.445925 0.151509 
0.269254 2.39993 -0.139868 19989.9 -0.101949 -0.118169 0.293942 0.178914 -0.00142918 -0.374224 0.0258063 0.506053 -0.307951 0.0116218 0.348056 0.0458671 0.0509068 0.173637 0.41893 0.184288 
0.152715 2.28095 0.14959 18394.8 0.0671798 -0.333256 0.134962 0.422525 0.0225761 -0.0310188 0.248657 0.33587 -0.0324882 0.31986 0.0407387 0.328935 0.0375962 0.0674517 0.437758 0.317411 
-0.292234 2.30539 0.460109 14790.1 -0.115343 0.0123168 0.505201 0.0266122 0.0923013 0.115435 0.252316 0.139104 0.102791 0.235776 0.436907 0.30747 0.088299 0.254814 0.305929 0.328344 
0.142687 2.38214 -0.328365 12179.6 -0.177682 -0.26698 0.290794 0.306643 0.199591 -0.226402 0.248662 0.26692 -0.077284 0.118281 0.349914 0.252141 0.167874 0.0924059 0.46753 0.181726 
-0.361778 2.28912 0.27836 12526.7 -0.142796 -0.129667 0.254018 0.164079 0.423073 -0.0412685 0.463862 0.138577 0.0356123 0.142957 0.0719676 0.427383 0.146687 -0.00833038 0.373249 0.292959 
0.373968 2.34621 0.098801 39423.5 -0.0416575 -0.253045 0.0589403 0.501992 0.0726601 -0.0600204 0.268582 0.275741 -0.144977 0.121033 0.289261 0.332234 0.240135 0.0268823 0.481656 0.0400976 
0.337955 2.35795 -0.0113612 33779.5 -0.0917938 -0.0471142 0.403005 0.185202 0.0662418 0.0256063 0.504097 0.200249 -0.0714536 0.0131722 0.21402 0.431534 0.0532192 -0.0255292 0.200479 0.460868 
0.539587 2.4086 -0.0204951 7187.49 -0.113227 -0.146347 0.12012 0.14783 -0.159916 -0.220868 0.174887 0.223386 -0.0217672 0.270061 0.235085 0.365637 -0.194069 0.43329 0.239702 0.478903 
-0.440385 2.29348 0.45546 3050.18 -0.0494601 -0.0439856 0.0591357 0.0513969 0.0157378 0.0998671 0.195006 0.203052 -0.19156 0.405313 0.304133 0.497295 -0.00473812 0.0418631 0.579178 0.144325 
0.281024 2.25101 0.591262 5027.46 -0.024789 -0.264879 0.23019 0.426978 0.00927369 -0.33798 0.0339548 0.470704 -0.0933521 0.0327931 0.579929 0.0471862 0.0149037 0.0382871 0.0153359 0.0643871 
0.637354 2.3818 0.435265 5028.4 -0.054997 -0.025775 0.328825 0.374825 -0.000392845 0.025728 0.156461 0.439911 -0.127746 0.0659086 0.470698 0.0743386 0.121548 0.000360061 0.465818 0.222314 
0.568662 2.71621 -0.160601 4228.21 -0.0598926 -0.313511 0.279159 0.565274 -0.0983614 -0.145553 0.183531 0.438781 -0.0630473 0.204756 0.302211 0.276442 -0.0835385 0.077138 0.101681 0.0816206 
-0.597126 2.28058 0.27892 2972.94 -0.0239584 -0.17465 0.160639 0.285724 0.0693396 -0.197345 0.230857 0.313906 -0.0085132 0.186561 0.0214278 0.586343 -0.0166807 0.174255 0.021812 0.505564 
-0.799353 2.6663 -0.503187 4160.54 -0.107671 -0.0536992 0.224435 0.10285 0.219787 -0.0397056 0.291043 0.238693 0.173795 0.0796666 0.200773 0.475813 0.00779459 0.138543 0.144634 0.624153 
20
20
20
20
20
20
20
20
20
20
20
20
20
20
20
20
20
20
20
20
20
20
20
20
20
20
20
20
20
20
20
20
20
20
20
20
20
20
20
20
20
20
20
20
20
20
20
20
20
20
20
20
20
20
20
20
20
20
20
20
20
20
20
20
20
20
20
20
20
20
20
20
20
20
20
20
20
20
20
20
20
20
20
20
20
20
20
20
20
20
20
20
20
20
20
20
20
20
20
20
20
20
20
20
20
20
20
20
20
20
20
20
20
20
20
20
20
20
20
20
20
20
20
20
20
20
20
20
20
20
20
20
20
20
20
20
20
20
20
20
20
20
20
20
20
20
20
20
20
20
20
20
20
20
20
20
20
20
20
20
20
20
20
20
20
20
20
20
20
20
20
20
20
20
20
20
20
20
20
20
20
20
20
20
20
20
20
20
20
20
20
20
20
20
20
20
20
20
20
20
20
20
20
20
20
20
20
20
20
20
20
20
20
20
20
20
20
20
20
20
20
20
20
20
20
20
20
20
20
20
20
20
20
20
20
20
20
20
20
20
20
20
20
20
20
20
20
20
20
20
20
20
20
20
20
20
20
20
20
20
20
20
20
20
20
20
20
20
20
20
20
20
20
20
20
20
20
20
20
20
20
20
20
20
20
20
20
20
20
20
20
20
20
20
20
20
20
20
20
20
20
20
20
20
20
20
20
20
20
20
20
20
20
20
20
20
20
20
20
20
20
20
20
20
20
20
20
20
20
20
20
20
20
20
20
20
20
20
20
20
20
20
20
20
20
20
20
20
20
20
20
20
20
20
20
20
20
20
20
20
20
20
20
20
20
20
20
20
20
20
20
20
20
20
20
20
20
20
20
20
20
20
20
20
20
20
20
20
20
20
20
20
20
20
20
20
20
20
20
20
20
20
20
20
20
20
20
20
20
20
20
20
20
20
20
20
20
20
20
20
20
20
20
20
20
20
20
20
20
20
20
20
20
20
20
20
20
20
20
20
20
20
20
20
20
20
20
20
20
20
20
20
20
20
20
20
20
20
20
20
20
20
20
20
20
20
20
20
20
20
20
20
20
20
20
20
20
20
20
20
20
20
20
20
20
20
20
20
20
20
20
20
20
20
20
20
20
20
20
20
20
20
20
20
20
20
20
20
20
20
20
20
20
20
20
20
20
20
20
20
20
20
20
20
20
20
20
20
20
20
20
20
20
20
20
20
20
20
20
20
20
20
20
20
20
20
20
20
20
20
20
20
20
20
20
20
20
20
20
20
20
20
20
20
20
20
20
20
20
20
20
20
20
20
20
20
20
20
20
20
20
20
20
20
20
20
20
20
20
20
20
20
20
20
20
20
20
20
20
20
20
20
20
20
20
20
20
20
20
20
20
20
20
20
20
20
20
20
20
20
20
20
20
20
20
20
20
20
20
20
20
20
20
20
20
20
20
20
20
20
20
20
20
20
20
20
20
20
20
20
20
20
20
20
20
20
20
20
20
20
20
20
20
20
20
20
20
20
20
20
