58.5, 1.5 到 59, 1,第 0
57, 1.5 到 58.5, 1.5,第 1
58.5, 1.5 到 59.25, 3,第 2
55, 2.83333 到 57, 1.5,第 3
1, 1 到 3, 3,第 4
3, 3 到 3, 3,第 5
58.25, 5 到 59.25, 3,第 6
58.25, 5 到 58.25, 5,第 7
58.25, 5 到 59.25, 7,第 8
53.375, 5 到 55, 2.83333,第 9
53.375, 5 到 58.25, 5,第 10
3, 3 到 5, 5,第 11
5, 5 到 5, 5,第 12
53, 5.21429 到 53.375, 5,第 13
58.25, 9 到 59.25, 7,第 14
58.25, 9 到 58.25, 9,第 15
58.25, 9 到 59.25, 11,第 16
15, 6.5 到 17, 6.5,第 17
17, 6.5 到 17, 6.5,第 18
17, 6.5 到 19, 6.5,第 19
21, 6.5 到 23, 6.5,第 20
27, 6.61538 到 29, 6.46154,第 21
29, 6.46154 到 31, 6.61538,第 22
19, 6.5 到 20, 6.65385,第 23
20, 6.65385 到 21, 6.5,第 24
13, 6.80769 到 15, 6.5,第 25
23, 6.5 到 25, 6.80769,第 26
51, 6.92857 到 53, 5.21429,第 27
25, 6.80769 到 25.5, 6.96154,第 28
25.5, 6.96154 到 27, 6.61538,第 29
5, 5 到 7, 7,第 30
7, 7 到 7, 7,第 31
31, 6.61538 到 33, 7.07692,第 32
11, 7.42308 到 13, 6.80769,第 33
58.25, 13 到 59.25, 11,第 34
58.25, 13 到 58.25, 13,第 35
25.5, 11 到 25.5, 6.96154,第 36
24, 13.25 到 25.5, 11,第 37
33, 7.07692 到 35, 7.84615,第 38
9.92105, 7.92105 到 11, 7.42308,第 39
58.25, 13 到 59.25, 15,第 40
9, 8.25 到 9.92105, 7.92105,第 41
7, 7 到 8.5, 8.5,第 42
8.5, 8.5 到 9, 8.25,第 43
9.92105, 7.92105 到 17, 15,第 44
17, 15 到 17, 6.5,第 45
8.3, 9 到 8.5, 8.5,第 46
25.5, 11 到 27.5, 15,第 47
35, 7.84615 到 37, 8.92308,第 48
27.5, 15 到 35.8333, 10.8333,第 49
49.1875, 9 到 51, 6.92857,第 50
49.1875, 9 到 58.25, 9,第 51
35.8333, 10.8333 到 37.1324, 9.01471,第 52
37, 8.92308 到 37.1324, 9.01471,第 53
20, 15.25 到 20, 6.65385,第 54
20, 15.25 到 24, 13.25,第 55
49, 9.13636 到 49.1875, 9,第 56
37.1324, 9.01471 到 39, 9.22222,第 57
27.5, 16 到 27.5, 15,第 58
7.76667, 11 到 8.3, 9,第 59
58.25, 17 到 59.25, 15,第 60
58.25, 17 到 58.25, 17,第 61
31.5, 17.5 到 33, 16,第 62
27.5, 16 到 33, 16,第 63
33, 16 到 33.3333, 15.8333,第 64
33.3333, 15.8333 到 35.8333, 10.8333,第 65
7.6875, 11.5938 到 7.76667, 11,第 66
39, 9.22222 到 41, 9.66667,第 67
7.6875, 11.5938 到 17.5, 16.5,第 68
17, 15 到 17.5, 16.5,第 69
58.25, 17 到 59.25, 19,第 70
7.28571, 13 到 7.6875, 11.5938,第 71
41, 9.66667 到 43, 10.3333,第 72
7.16667, 13.8333 到 7.28571, 13,第 73
43, 10.3333 到 43.4839, 10.5484,第 74
43.4839, 10.5484 到 45, 10.4762,第 75
45, 10.4762 到 47, 10.5714,第 76
41.5, 14.5 到 43, 12,第 77
43, 12 到 43.4839, 10.5484,第 78
47, 10.5714 到 47.3642, 10.6235,第 79
47.3642, 10.6235 到 49, 9.13636,第 80
6.80769, 15 到 7.16667, 13.8333,第 81
47.3642, 10.6235 到 49.1923, 13,第 82
49.1923, 13 到 58.25, 13,第 83
24, 18.9375 到 24, 13.25,第 84
26.3421, 18.8947 到 27.5, 16,第 85
58.25, 21 到 59.25, 19,第 86
58.25, 21 到 58.25, 21,第 87
24, 18.9375 到 25, 19.0625,第 88
25, 19.0625 到 26.3421, 18.8947,第 89
26.3421, 18.8947 到 27.3571, 19.5714,第 90
27.3571, 19.5714 到 31.5, 17.5,第 91
17.5, 16.5 到 18.8043, 18.2391,第 92
18.8043, 18.2391 到 20, 15.25,第 93
6.5, 17 到 6.80769, 15,第 94
6.5, 17.5 到 6.5, 17,第 95
33.3333, 15.8333 到 34.5909, 20.8636,第 96
20.9118, 19.3235 到 24, 18.9375,第 97
34.5909, 20.8636 到 35, 21,第 98
35, 21 到 41.5, 14.5,第 99
49.1923, 13 到 51.0385, 17,第 100
51.0385, 17 到 58.25, 17,第 101
58.25, 21 到 59.25, 23,第 102
27.3571, 19.5714 到 28.5952, 21.119,第 103
28.5952, 21.119 到 31.5, 21.7,第 104
31.5, 21.7 到 31.5, 17.5,第 105
31.5, 21.7 到 32, 21.9,第 106
32, 21.9 到 34.5909, 20.8636,第 107
18.8043, 18.2391 到 18.9, 19.1,第 108
18.9, 19.1 到 20.9118, 19.3235,第 109
43, 22.5 到 43, 12,第 110
43, 22.5 到 44.5, 22.5,第 111
38.8571, 22.4286 到 41.5, 14.5,第 112
38.5, 22.5 到 38.8571, 22.4286,第 113
42.8846, 22.6538 到 43, 22.5,第 114
7.16667, 13.8333 到 18.5, 19.5,第 115
18.5, 19.5 到 18.9, 19.1,第 116
6.125, 19 到 6.5, 17.5,第 117
35, 21 到 36.5, 22.5,第 118
36.5, 22.5 到 38.5, 22.5,第 119
38.8571, 22.4286 到 40.5, 23.25,第 120
40.5, 23.25 到 42.8846, 22.6538,第 121
44.5, 22.5 到 51.3571, 19.0714,第 122
51.0385, 17 到 51.3571, 19.0714,第 123
20.9118, 19.3235 到 23.5, 24.5,第 124
42.8846, 22.6538 到 43.5, 24.5,第 125
6.5, 17.5 到 17.4091, 21.1364,第 126
17.4091, 21.1364 到 18.5, 19.5,第 127
58.25, 25 到 59.25, 23,第 128
58.25, 25 到 58.25, 25,第 129
5.95833, 21 到 6.125, 19,第 130
23.5, 24.5 到 25, 25,第 131
25, 25 到 25, 19.0625,第 132
51.3571, 19.0714 到 52, 21,第 133
52, 21 到 58.25, 21,第 134
5.95833, 21 到 6.01064, 21.6277,第 135
43.5, 24.5 到 45.1, 26.1,第 136
58.25, 25 到 59.25, 27,第 137
45.1, 26.1 到 47.5, 25.5,第 138
44.5, 22.5 到 47.5, 25.5,第 139
10.5, 26.5 到 15.5, 24,第 140
6.01064, 21.6277 到 15.5, 24,第 141
5.63636, 23 到 6.01064, 21.6277,第 142
9, 26.5 到 10.5, 26.5,第 143
10.5, 26.5 到 12, 28,第 144
12, 28 到 16, 24,第 145
15.5, 24 到 16, 24,第 146
16, 24 到 16.5746, 23.9179,第 147
16.5746, 23.9179 到 17.4091, 21.1364,第 148
5.47826, 24.7391 到 5.63636, 23,第 149
5.47826, 24.7391 到 9, 26.5,第 150
40.5, 27.5 到 43.5, 24.5,第 151
40.5, 27.5 到 40.5, 23.25,第 152
40.5, 27.5 到 40.5, 27.5,第 153
5.33333, 25 到 5.47826, 24.7391,第 154
40.5, 27.5 到 43.6429, 28.2857,第 155
43.6429, 28.2857 到 45.1, 26.1,第 156
43.6429, 28.2857 到 43.75, 28.5,第 157
58.25, 29 到 59.25, 27,第 158
58.25, 29 到 58.25, 29,第 159
52, 25 到 52, 21,第 160
52, 25 到 58.25, 25,第 161
25, 25 到 27.1, 27.1,第 162
27.1, 27.1 到 27.1, 27.1,第 163
27.1, 27.1 到 28.5952, 21.119,第 164
21.5, 28.5 到 27.1, 27.1,第 165
4.66667, 27 到 5.33333, 25,第 166
47.5, 25.5 到 51.8333, 25.5,第 167
51.8333, 25.5 到 52, 25,第 168
21.5, 28.5 到 24, 31,第 169
38.8333, 28.5 到 40.5, 27.5,第 170
27.1, 27.1 到 27.6667, 27.6667,第 171
38.5, 28.5 到 38.5, 22.5,第 172
38.5, 28.5 到 38.8333, 28.5,第 173
35.1333, 27.9667 到 36.5, 22.5,第 174
58.25, 29 到 59.25, 31,第 175
38.8333, 28.5 到 40, 30.25,第 176
40, 30.25 到 40.5, 30.5,第 177
35.1333, 27.9667 到 37.5, 28.6429,第 178
37.5, 28.6429 到 38.5, 28.5,第 179
16.5746, 23.9179 到 18.0455, 27.2273,第 180
18.0455, 27.2273 到 23.5, 24.5,第 181
40.5, 30.5 到 44.25, 30.5,第 182
43.75, 28.5 到 44.25, 30.5,第 183
27.6667, 27.6667 到 30.8462, 28.4615,第 184
30.5, 29.5 到 30.8462, 28.4615,第 185
30.8462, 28.4615 到 32, 28.3333,第 186
32, 28.3333 到 32, 21.9,第 187
33, 28.5 到 35.1333, 27.9667,第 188
24, 31 到 26, 31,第 189
26, 31 到 27.6667, 27.6667,第 190
32, 28.3333 到 32.5, 28.5,第 191
32.5, 28.5 到 33, 28.5,第 192
4.44444, 29 到 4.66667, 27,第 193
18.0455, 27.2273 到 18.3, 28.5,第 194
18.3, 28.5 到 21.5, 28.5,第 195
9, 26.5 到 11.25, 31,第 196
44.25, 30.5 到 44.7222, 31.4444,第 197
43.75, 28.5 到 52.0833, 28.5,第 198
51.8333, 25.5 到 52.0833, 28.5,第 199
11.25, 31 到 12, 31.3,第 200
12, 31.3 到 12, 28,第 201
12, 31.3 到 12.1957, 31.4565,第 202
58.25, 33 到 59.25, 31,第 203
58.25, 33 到 58.25, 33,第 204
52.0833, 28.5 到 52.1667, 29,第 205
52.1667, 29 到 58.25, 29,第 206
44.7222, 31.4444 到 52.0652, 29.6087,第 207
52.0652, 29.6087 到 52.1667, 29,第 208
4.44444, 29 到 4.66667, 31,第 209
4.66667, 31 到 11.25, 31,第 210
4.66667, 31 到 4.66667, 31,第 211
12.1957, 31.4565 到 14.9138, 31.8448,第 212
17.6129, 30.7903 到 18.3, 28.5,第 213
14.9138, 31.8448 到 17.5, 30.875,第 214
17.5, 30.875 到 17.6129, 30.7903,第 215
58.25, 33 到 59.25, 35,第 216
17.6129, 30.7903 到 21.2778, 33.7222,第 217
21.2778, 33.7222 到 24, 31,第 218
40.5, 30.5 到 43.7857, 33.7857,第 219
43.7857, 33.7857 到 44.7222, 31.4444,第 220
43.7857, 33.7857 到 43.7857, 33.7857,第 221
40, 34.5 到 40, 30.25,第 222
33, 28.5 到 36.0556, 34.6111,第 223
37.5, 34.5 到 37.5, 28.6429,第 224
37.5, 34.5 到 40, 34.5,第 225
43.7857, 33.7857 到 44.5, 34.5,第 226
21.2778, 33.7222 到 21.7222, 34.2778,第 227
4.44444, 33 到 4.66667, 31,第 228
36.0556, 34.6111 到 37, 34.8,第 229
37, 34.8 到 37.5, 34.5,第 230
40, 34.5 到 41, 34.9,第 231
41, 34.9 到 43.7857, 33.7857,第 232
32.5, 35.5 到 32.5, 28.5,第 233
32.5, 35.5 到 36.0556, 34.6111,第 234
52.0652, 29.6087 到 52.6818, 33,第 235
52.6818, 33 到 58.25, 33,第 236
58.25, 37 到 59.25, 35,第 237
58.25, 37 到 58.25, 37,第 238
4.44444, 33 到 4.66667, 35,第 239
31.5, 36.5 到 32.5, 35.5,第 240
41, 38 到 41, 34.9,第 241
58.25, 37 到 59.25, 39,第 242
26, 36.2778 到 26, 31,第 243
25.5, 36.3889 到 26, 36.2778,第 244
21.7222, 34.2778 到 24.5, 36.5,第 245
24.5, 36.5 到 25.5, 36.3889,第 246
30.5, 37 到 30.5, 29.5,第 247
30.5, 37 到 31.5, 36.5,第 248
26, 36.2778 到 27, 36.5,第 249
27, 36.5 到 30.5, 29.5,第 250
30.3421, 37.1053 到 30.5, 37,第 251
27, 36.5 到 27.5, 36.75,第 252
27.5, 36.75 到 30.3421, 37.1053,第 253
17.5, 38.5 到 17.5, 30.875,第 254
17.5, 38.5 到 21.7222, 34.2778,第 255
44.5, 39 到 44.5, 34.5,第 256
41, 38 到 44.3462, 39.1154,第 257
44.3462, 39.1154 到 44.5, 39,第 258
22.25, 39 到 22.6176, 38.8529,第 259
22.6176, 38.8529 到 24.5, 36.5,第 260
31.5, 36.5 到 37, 39.25,第 261
37, 39.25 到 37, 34.8,第 262
44.0714, 40.2143 到 44.3462, 39.1154,第 263
17.375, 39 到 17.5, 38.5,第 264
17.375, 39 到 22.25, 39,第 265
30.3421, 37.1053 到 31.3571, 39.6429,第 266
4.66667, 35 到 5.33333, 37,第 267
44.5, 34.5 到 52.0652, 36.3913,第 268
52.0652, 36.3913 到 52.6818, 33,第 269
31.3571, 39.6429 到 31.625, 40,第 270
58.25, 41 到 59.25, 39,第 271
58.25, 41 到 58.25, 41,第 272
44.0714, 40.2143 到 44.5, 41.5,第 273
52.0652, 36.3913 到 52.1667, 37,第 274
52.1667, 37 到 58.25, 37,第 275
31.625, 40 到 31.9, 41.1,第 276
31.625, 40 到 37.3, 40,第 277
37, 39.25 到 37.3, 40,第 278
31.9, 41.1 到 32.5, 42,第 279
32.5, 42 到 36, 42,第 280
58.25, 41 到 59.25, 43,第 281
37.3, 40 到 38.0556, 40.9444,第 282
38.0556, 40.9444 到 41, 38,第 283
44.5, 39 到 51.8333, 39,第 284
51.8333, 39 到 52.1667, 37,第 285
36, 42 到 38.1, 41.3,第 286
38.0556, 40.9444 到 38.1, 41.3,第 287
5.33333, 37 到 6.44444, 39,第 288
32.5, 44 到 32.5, 42,第 289
29, 44 到 31.9, 41.1,第 290
29, 44 到 32.5, 44,第 291
6.44444, 39 到 6.83333, 39.5,第 292
6.83333, 39.5 到 12.1957, 31.4565,第 293
27.5, 43.5 到 27.5, 36.75,第 294
27.5, 43.5 到 31.3571, 39.6429,第 295
44.5, 44 到 44.5, 41.5,第 296
44.5, 44 到 44.5, 44,第 297
38.1, 41.3 到 38.9444, 42.7778,第 298
38.9444, 42.7778 到 44.0714, 40.2143,第 299
32.5, 44 到 33.1, 44.9,第 300
33.1, 44.9 到 36, 42,第 301
58.25, 45 到 59.25, 43,第 302
58.25, 45 到 58.25, 45,第 303
51.8333, 39 到 52.1667, 41,第 304
52.1667, 41 到 58.25, 41,第 305
44.5, 41.5 到 52.0833, 41.5,第 306
52.0833, 41.5 到 52.1667, 41,第 307
44.5, 46.5 到 44.5, 44,第 308
38.9444, 42.7778 到 39.25, 44,第 309
39.25, 44 到 44.5, 44,第 310
58.25, 45 到 59.25, 47,第 311
27.2273, 44.5909 到 27.5, 43.5,第 312
27.2273, 44.5909 到 29, 44,第 313
6.83333, 39.5 到 7.45833, 41,第 314
38.9667, 45.1333 到 39.25, 44,第 315
33.1, 44.9 到 33.5, 46.5,第 316
33.5, 46.5 到 38.9667, 45.1333,第 317
33.2, 47 到 33.5, 46.5,第 318
33.2, 47 到 33.2143, 47.0714,第 319
38.9667, 45.1333 到 39.3571, 46.5,第 320
39.3571, 46.5 到 44.5, 46.5,第 321
44.5, 44 到 51.875, 44,第 322
51.875, 44 到 52.0833, 41.5,第 323
58.25, 49 到 59.25, 47,第 324
58.25, 49 到 58.25, 49,第 325
51.875, 44 到 52.125, 45,第 326
52.125, 45 到 58.25, 45,第 327
12.0625, 43.25 到 14.9138, 31.8448,第 328
12.0625, 43.25 到 17.375, 39,第 329
7.45833, 41 到 8.625, 43,第 330
58.25, 49 到 59.25, 51,第 331
25.5, 46.75 到 25.5, 36.3889,第 332
25.5, 46.75 到 27.2273, 44.5909,第 333
22.6176, 38.8529 到 25.3333, 47,第 334
25.3333, 47 到 25.5, 46.75,第 335
25.3333, 47 到 25.3333, 47,第 336
25.3333, 47 到 33.2, 47,第 337
58.25, 53 到 59.25, 51,第 338
58.25, 53 到 58.25, 53,第 339
8.625, 43 到 10.125, 45,第 340
51.7917, 49 到 52.125, 45,第 341
51.7917, 49 到 58.25, 49,第 342
10.125, 45 到 10.4688, 45.375,第 343
10.4688, 45.375 到 12.0625, 43.25,第 344
58.25, 53 到 59.25, 55,第 345
10.4688, 45.375 到 10.875, 47,第 346
23.0255, 49.9672 到 25.3333, 47,第 347
50.9706, 50.9706 到 51.7917, 49,第 348
10.875, 47 到 10.8971, 47.0632,第 349
44.5, 46.5 到 46.3378, 52.0135,第 350
58.5, 56.5 到 59.25, 55,第 351
30, 53.5 到 33.2143, 47.0714,第 352
39.3571, 46.5 到 40.1712, 52.1986,第 353
9.13636, 49 到 10.8971, 47.0632,第 354
10.8971, 47.0632 到 13, 48.1765,第 355
17.0714, 49.3571 到 22.25, 39,第 356
6.92857, 51 到 9, 49.1875,第 357
9, 49.1875 到 9.13636, 49,第 358
13, 48.1765 到 17, 49.3529,第 359
17, 49.3529 到 17.0714, 49.3571,第 360
17.0714, 49.3571 到 21, 50.0938,第 361
21, 50.0938 到 23.0255, 49.9672,第 362
5.21429, 53 到 6.92857, 51,第 363
23.0255, 49.9672 到 25, 51.7222,第 364
33.2143, 47.0714 到 37.2222, 53.0833,第 365
37.2222, 53.0833 到 40.1712, 52.1986,第 366
46.3378, 52.0135 到 49, 51.7917,第 367
49, 51.7917 到 50.9706, 50.9706,第 368
45, 52.5 到 46.3378, 52.0135,第 369
40.1712, 52.1986 到 41, 52.5,第 370
41, 52.5 到 45, 52.5,第 371
53, 53 到 58.25, 53,第 372
50.9706, 50.9706 到 53, 53,第 373
53, 53 到 53, 53,第 374
37, 53.25 到 37.2222, 53.0833,第 375
2.83333, 55 到 5, 53.375,第 376
5, 53.375 到 5.21429, 53,第 377
58.5, 56.5 到 59, 57,第 378
25, 51.7222 到 29, 53.5,第 379
29, 53.5 到 30, 53.5,第 380
30, 53.5 到 33, 54.25,第 381
33, 54.25 到 37, 53.25,第 382
53, 53 到 56.5, 56.5,第 383
56.5, 56.5 到 58.5, 56.5,第 384
1.5, 57 到 2.83333, 55,第 385
1.5, 58.5 到 1.5, 57,第 386
56.5, 58.5 到 56.5, 56.5,第 387
5, 58.25 到 5, 53.375,第 388
5, 58.25 到 5, 58.25,第 389
9, 58.25 到 9, 49.1875,第 390
9, 58.25 到 9, 58.25,第 391
13, 58.25 到 13, 48.1765,第 392
13, 58.25 到 13, 58.25,第 393
17, 58.25 到 17, 49.3529,第 394
17, 58.25 到 17, 58.25,第 395
21, 58.25 到 21, 50.0938,第 396
21, 58.25 到 21, 58.25,第 397
25, 58.25 到 25, 51.7222,第 398
25, 58.25 到 25, 58.25,第 399
29, 58.25 到 29, 53.5,第 400
29, 58.25 到 29, 58.25,第 401
33, 58.25 到 33, 54.25,第 402
33, 58.25 到 33, 58.25,第 403
37, 58.25 到 37, 53.25,第 404
37, 58.25 到 37, 58.25,第 405
41, 58.25 到 41, 52.5,第 406
41, 58.25 到 41, 58.25,第 407
45, 58.25 到 45, 52.5,第 408
45, 58.25 到 45, 58.25,第 409
49, 58.25 到 49, 51.7917,第 410
49, 58.25 到 49, 58.25,第 411
53, 58.25 到 53, 53,第 412
53, 58.25 到 53, 58.25,第 413
1, 59 到 1.5, 58.5,第 414
56.5, 58.5 到 57, 59,第 415
59, 59 到 59, 57,第 416
57, 59 到 59, 59,第 417
59, 59 到 59, 59,第 418
1.5, 58.5 到 3, 59.25,第 419
3, 59.25 到 5, 58.25,第 420
5, 58.25 到 7, 59.25,第 421
7, 59.25 到 9, 58.25,第 422
9, 58.25 到 11, 59.25,第 423
11, 59.25 到 13, 58.25,第 424
13, 58.25 到 15, 59.25,第 425
15, 59.25 到 17, 58.25,第 426
17, 58.25 到 19, 59.25,第 427
19, 59.25 到 21, 58.25,第 428
21, 58.25 到 23, 59.25,第 429
23, 59.25 到 25, 58.25,第 430
25, 58.25 到 27, 59.25,第 431
27, 59.25 到 29, 58.25,第 432
29, 58.25 到 31, 59.25,第 433
31, 59.25 到 33, 58.25,第 434
33, 58.25 到 35, 59.25,第 435
35, 59.25 到 37, 58.25,第 436
37, 58.25 到 39, 59.25,第 437
39, 59.25 到 41, 58.25,第 438
41, 58.25 到 43, 59.25,第 439
43, 59.25 到 45, 58.25,第 440
45, 58.25 到 47, 59.25,第 441
47, 59.25 到 49, 58.25,第 442
49, 58.25 到 51, 59.25,第 443
51, 59.25 到 53, 58.25,第 444
53, 58.25 到 55, 59.25,第 445
55, 59.25 到 56.5, 58.5,第 446
