585, 15 到 592.5, 30, 第 0
585, 15 到 592.5, 30, 第 1
585, 15 到 592.5, 30, 第 2
170, 150 到 175, 165, 第 3
585, 15 到 592.5, 30, 第 4
585, 15 到 592.5, 30, 第 5
585, 15 到 592.5, 30, 第 6
263.421, 188.947 到 275, 160, 第 7
275, 160 到 275, 150, 第 8
170, 150 到 175, 165, 第 9
170, 150 到 175, 165, 第 10
345.909, 208.636 到 350, 210, 第 11
585, 15 到 592.5, 30, 第 12
275, 160 到 275, 150, 第 13
315, 217 到 320, 219, 第 14
275, 160 到 275, 150, 第 15
188.043, 182.391 到 189, 191, 第 16
275, 160 到 275, 150, 第 17
585, 15 到 592.5, 30, 第 18
428.846, 226.538 到 430, 225, 第 19
275, 160 到 275, 150, 第 20
