5, 10 可 0
100, 30 可 1
570, 30 可 2
60, 43 可 3
30, 30 可 4
140, 43 可 5
550, 50 可 6
52, 80 可 7
530, 70 可 8
510, 90 可 9
170, 70 可 10
67, 118 可 11
55, 160 可 12
490, 110 可 13
51, 200 可 14
190, 97 可 15
209, 126 可 16
470, 130 可 17
450, 150 可 18
240, 147 可 19
63, 240 可 20
427, 173 可 21
475, 226 可 22
400, 175 可 23
500, 250 可 24
360, 179 可 25
523, 280 可 26
320, 187 可 27
270, 171 可 28
541, 320 可 29
292, 192 可 30
81, 270 可 31
75, 325 可 32
94, 300 可 33
46, 360 可 34
35, 400 可 35
545, 360 可 36
545, 398 可 37
326, 376 可 38
363, 415 可 39
36, 425 可 40
420, 440 可 41
238, 299 可 42
543, 440 可 43
35, 450 可 44
203, 420 可 45
529, 480 可 46
470, 446 可 47
200, 450 可 48
38, 480 可 49
497, 480 可 50
525, 520 可 51
199, 484 可 52
52, 510 可 53
180, 501 可 54
140, 521 可 55
218, 508 可 56
100, 530 可 57
69, 530 可 58
480, 554 可 59
50, 550 可 60
550, 550 可 61
260, 547 可 62
370, 563 可 63
443, 565 可 64
400, 564 可 65
300, 564 可 66
330, 563 可 67
30, 570 可 68
5, 580 可 69
570, 570 可 70
0, 50 可 71
0, 70 可 72
0, 90 可 73
0, 110 可 74
0, 130 可 75
0, 150 可 76
0, 170 可 77
0, 190 可 78
0, 210 可 79
0, 230 可 80
0, 250 可 81
0, 270 可 82
0, 290 可 83
0, 310 可 84
0, 330 可 85
0, 350 可 86
0, 370 可 87
0, 390 可 88
0, 410 可 89
0, 430 可 90
0, 450 可 91
0, 470 可 92
0, 490 可 93
0, 510 可 94
0, 530 可 95
0, 550 可 96
30, 600 可 97
50, 600 可 98
70, 600 可 99
90, 600 可 100
110, 600 可 101
130, 600 可 102
150, 600 可 103
170, 600 可 104
190, 600 可 105
210, 600 可 106
230, 600 可 107
250, 600 可 108
270, 600 可 109
290, 600 可 110
310, 600 可 111
330, 600 可 112
350, 600 可 113
370, 600 可 114
390, 600 可 115
410, 600 可 116
430, 600 可 117
450, 600 可 118
470, 600 可 119
490, 600 可 120
510, 600 可 121
530, 600 可 122
550, 600 可 123
580, 595 可 124
595, 20 可 125
600, 570 可 126
600, 550 可 127
600, 530 可 128
600, 510 可 129
600, 490 可 130
600, 470 可 131
600, 450 可 132
600, 430 可 133
600, 410 可 134
600, 390 可 135
600, 370 可 136
600, 350 可 137
600, 330 可 138
600, 310 可 139
600, 290 可 140
600, 270 可 141
600, 250 可 142
600, 230 可 143
600, 210 可 144
600, 190 可 145
600, 170 可 146
600, 150 可 147
600, 130 可 148
600, 110 可 149
600, 90 可 150
600, 70 可 151
600, 50 可 152
570, 0 可 153
550, 0 可 154
530, 0 可 155
510, 0 可 156
490, 0 可 157
470, 0 可 158
450, 0 可 159
430, 0 可 160
410, 0 可 161
390, 0 可 162
370, 0 可 163
350, 0 可 164
330, 0 可 165
310, 0 可 166
290, 0 可 167
270, 0 可 168
250, 0 可 169
230, 0 可 170
210, 0 可 171
190, 0 可 172
170, 0 可 173
150, 0 可 174
130, 0 可 175
110, 0 可 176
90, 0 可 177
70, 0 可 178
50, 0 可 179
30, 0 可 180
